86262035	无聊群。	9719104082	200	23018
73435103	同桌象棋高手群	4350577313	199	117729
68102802	🐲青龙桌球🐾	6058989235	198	440106
76367342	沙雕组委会(勿刷屏)	8773201636	197	43758
52206608	王者群	3040647572	196	208
60620165	游戏群	4448590779	196	1709
84096904	心弈连珠五子棋社	8092331476	195	302255
78567974	动物乐园	9854861477	195	11213
90764360	『如果能重来』	6897687890	194	75050
61865013	花草世界，一岁一枯荣青春无限好	9854861477	194	12559
57034103	无忧谷	2283774783	191	35270
47845436	$	9253700487	191	339
24886806	玩游戏	9908823178	191	16858
29521293	花儿与少年的群聊③阳光男孩	1440396077	190	8
82758658	小李子的群聊😝	1742510743	190	57487
16903741	乔碧萝家族	6635752707	190	39951
40127792	草原党	4935105923	189	12157
33914928	话唠群	4103048137	189	76538
71794454	欧气满满	6564761443	189	5050
25666521	花儿与少年的群聊天？钟家	1440396077	189	128
86971365	修仙中心	7264082280	189	238
88664819	暖风的小窝🌚	4025223214	189	827
23626902	大家庭	2138239681	187	464
63287611	挂家🔥qzuser的群聊	1734012254	186	43435
49827643	天王盖地虎	6613206075	186	705
35880575	进来的都是小可爱。❤❤	8677525386	186	15042
60051706	💕💞冷雪💘💖	3075155578	185	149
92208921	尬聊群	1279618055	185	11844
11544453	小男神交流群①	8920545522	184	221
11160674	❤小屁孩幼儿园❤	9778902401	183	6166
60094146	ET❤	9605176259	183	47966
55921240	游戏群	2571024040	183	1109
83802217	直到遇见你🍀	1742510743	183	11640
22238988	未来的大神们🎀	3326823634	183	13504
24799899	互关群	4679007906	181	118
65248740	随心聊	5093400641	180	689
83598340	南赤的群	3033270486	180	16
28320216	可爱家族	9803692730	180	24456
35148436	華男·桌球館	3013730951	180	156
66119683	开心就好	6739805536	179	50
71232518	聊天群	1502224865	178	12871
97576532	艺萱的鱼塘	2486479963	178	734
85108007	回忆丢在风中🐾	6083957773	177	173
89432636	小懒猫喵	2599020888	177	3525
71673730	玩游戏群(来玩啊)	6401907512	174	420
40283844	直播游戏群	1539100722	174	17807
73167758	刘梦梦梦	9299179545	173	10
98795585	小可爱专属群	5660786901	173	9798
68945318	全网唠嗑	3377023010	173	11487
92607972	劫月   （周家阁）  互关粉丝群	6195750254	171	175
74312363	幼儿园大班	7501342547	171	272
35470537	『★Demons☆』	7246730605	170	228
51490378	四道街【杰家💧】	9024508149	170	7215
71512872	Forever   love	8948997765	170	7300
57512121	一刀一个小朋友	9739345073	170	182
21857784	与世无争✔️	3439004347	168	15
66720991	一马当先帅	8356475701	168	78
12172474	群主的后宫	1402234742	168	33
89538068	真心喜欢你	6679399499	167	6228
98482143	，，群（互关，聊天）	1195117382	166	1196
48789121	̶̶F̶̶a̶̶v̶̶o̶̶r̶̶	4357934654	165	29
71189529	公式法则谴责你	3596967130	165	188241
61177064	。。。	5222471910	164	14485
14195334	魔仙堡的小黑屋.🌜	9687679336	164	51689
11200560	橘本熊的群聊	5226179295	163	103
53566937	吵架	6401907512	162	618
16454022	四月丨染家的群聊	6401907512	161	2654
53592642	沙雕交流合作社	1266230015	160	9481
10634003	同学聚会	5710897874	160	1076
85657335	【妍昕女神】	1842375916	160	7466
13938920	容嬷嬷快来把作业扎死	9464346541	160	28
61402070	（新势力）活跃人员	1559277480	158	760
28279791	简单～的群聊	8890181013	158	32
38103050	💋可爱的九枝小姐姐💋	8473539269	157	13
45178151	互关互赞群	2648006196	157	3138
44812408	K歌群	5609968502	157	217
43444454	又是谁退群了？快给我回来。	3794022572	154	2
13607418	言一群聊	4510306045	153	226
45194082	送群主礼物发红包群	6401907512	153	659
17645389	全网最嗨的群	2812170437	151	8055
89531328	❤老年~迪斯科❤	2994926997	151	57
41464135	小丫的群聊	9642394395	151	8
22027809	🐷猪	6401907512	150	418
61011468	十二星座馆	7749596449	150	5818
83790531	我老婆	1938104970	149	37
41121309	七群	1593666845	148	173
66964726	狼人杀成员。	6795092179	148	1483
82019076	欢哥群聊	4927381299	148	3026
76438250	聊天群	9146934797	148	83
80593762	闲聊群(总群)	3055544951	147	10686
31824721	月宫💞	5414181610	147	1044
71148137	成仙预备会	5152634436	146	26877
14861256	可爱芭比娃娃	7799537174	146	3904
89833894	单身狗聚集地	4695575513	145	6
36038996	一个全是小姐姐的群聊，男生慎入	4697405136	145	5484
59649739	交好友群	3062908903	144	13390
77366739	闲聊群	8405991528	144	14
73432256	主播群聊	2652016059	144	78
40652889	聊天群	4159274677	144	6617
42650740	全都不快乐	2651132590	144	3
64712850	超短群	8798759474	142	36
68916538	妃颜菇凉的魔仙堡	8699385713	142	244
18109054	猜歌群	7056793125	141	6654
65945756	菟窝给予你温暖<后宫❤️>	2635277683	141	845
74110948	聊天(互关)群	9742699041	141	30
91078727	嗨起来	9146934797	139	137
69757248	全网神经病院	2436022611	136	137
42919197	时光不染，回忆不谈	8500714411	135	51
46682912	柒月花卟败、永生天下°	5222731014	135	6
86134824	小可爱群	1934998985	133	121
95074815	可以刷的群👌	4222526764	133	37
79794286	NBD努力后	6551543787	132	3
81065244	妇仇者联盟~🌟	2994926997	132	5
35306208	开心群🙈🙉	4242208544	132	4897
31102390	甘露女神👑的群聊144	5764221199	132	6
96490288	敏g很哇塞！的群聊	6352475276	132	7
92829083	七上八下	1216651131	131	6520
23298179	『金焰学院』	8493577095	130	10988
38145006	狼人杀群	9053187648	130	16
96087744	大家的群聊	1742330828	130	76
72029008	久久的猪🐷圈	7389223194	128	7971
74578947	L的群聊	3199449252	128	43986
37980139	猜歌群。休息时每晚8:00~9:00。	9166237875	127	4815
78535194	请自重	7444876474	127	203
39366834	欲梦则梦的群聊	8712991865	127	7
36326975	抖音	6063312541	126	24724
41497053	花，，，，，，，，，，，，，，，，，的群聊	9854861477	126	755
26667384	全体鄙视你	2051601165	125	48996
51414655	我的世界，我做主	8408411775	125	8
80738131	一言不合就夸群主🌝	8735545039	124	377
34759588	聊天群	7501342547	124	11
29375075	小肉肉[顾子辰家]的群聊	5710897874	124	892
86532403	幼儿园大佬	1458780288	123	7329
76406109	『   郁清漓╮』	1517076086	123	3116
63781432	萝莉的群聊	6927227424	122	1
19692580	伤心之群	8408411775	122	8
15667598	妖孽的群聊	6525395627	122	270
64432618	优秀家庭	7944329004	122	81
10779107	呃。。。你们随意	6893841933	121	19
52572722	欢迎	5443172550	121	2760
50558838	互关啊	6316549626	119	13
52041777	分离之苦	8408411775	119	3
59741930	小男神【SRKL】27号的群聊	8920545522	119	8486
18495758	♚单身贵族♚	5535935514	119	618
11439772	肉肉	9719104082	119	3862
89984200	易烊千玺群	6120041916	116	34
28062412	幼儿园群	1630578659	116	64
23621945	姜家军	7573838090	116	29
16312562	尬聊群	5222471910	115	650
87199024	小可爱的群	1934998985	115	121
55141657	疯女可罢的群聊	9259025212	115	1
89049549	男生进来是女生，傻雕，变态，不要脸，太不要脸了	6281007944	114	69
61427780	无语	8740985362	114	8
71864255	爱情避处	3307606305	114	157
44894819	阿里巴巴董事会议群	1230224349	113	16163
87515555	小哥哥与小姐姐群	6651767384	113	255
77953318	清华都得不到的人	3054443225	112	180
98570772	小可耐的群聊	7172098087	112	444
22327399	🌚🌚🌚🌈	9394682489	111	3483
53499763	闲聊	9175987192	110	148
88417096	游戏群家族	5710897874	110	168
11329479	［皮皮🔥虾家族］	8340387061	110	1
98470596	狗粮群聊(寻找丢失的对象)(吃狗粮不怪我们)	1693187106	109	25183
58090369	交友群🙉	1380112745	109	1510
18478095	聊天群	7510216689	108	12241
34542996	聊天群	5203038156	108	97
25985301	沐氏༒家族	6212554372	108	8879
78924879	幼稚園	2120798591	107	1474
53406981	Destiny的群聊	8260071501	107	8
18772096	★催眠大师神经猫③★	2794683343	106	2858
63855455	江南皮革厂员工群	8798759474	106	6
87123505	呆檬	3680702937	106	5
21455356	续写	3705073470	106	1079
63857602	小仙女的群聊	7987577931	105	1672
90523366	绿绿很健康	4781858942	104	58
13865708	我是你永远得不到的爸爸😎	6884711424	104	862
27654858	进来的和群主互关一下，我会回的😊	6054272104	104	13243
66793365	娜娜的群聊	3987910986	104	194
35672190	柠檬的群聊	7932389081	103	1045
37700512	戴骂群	4565115423	103	8
30000042	往后余生只等一人的群聊	8655913031	103	1
63526725	文化人	9719104082	102	1012
85201149	交友❤️处对象	8770683133	102	20
38703469	萝😍莉	7761491681	101	29
64749081	大佬格斗厅	6787644603	100	19610
65789276	小橘子的群聊	6050591249	100	1171
30954081	直播群	8408411775	99	4
33856045	好友群	3593290042	99	768
32044503	相亲群聊(可随意组cp，想组cp的可以进来)	1693187106	99	12492
70004035	☜《北冥》☞仙阁	1494893341	98	5
39321966	ღ᭄ꦿ 爱 新 觉 罗 ࿐	2377675265	98	14748
44186914	九妹集中地	8066126424	96	3020
46170852	中二病也要谈恋爱	7835190311	95	1307
40789377	笙笙的群聊	7987577931	94	2487
99201443	全网精神院	4159274677	94	971
89824828	蒂花之乱秀	4966569961	94	8
97064100	爱你❤️的群	1848123182	93	6743
63431131	妹子群	9018202586	93	2
20854518	染染的朋友们	2769423795	92	169
66442141	进群关注群主OK？❤️	2557690670	92	5046
70753556	蕙兰诗意	4020734361	92	15
72056774	💗👌👌👌👌💗💗	5710897874	91	145
48749758	钟佳美的群聊	6391647008	90	3
96035139	【新势力】	1753187182	90	105
69881798	八九群	9957040268	89	3520
50521659	㈱	7691468549	89	4
67558672	祁天道（911）收人的群聊	9629163816	89	59
17547444	小可爱	9719104082	88	1324
25052243	小哥哥小姐姐	9719104082	88	3025
63063495	滴滴	7497393272	88	6325
30001453	雨女与瓜😑😑😑	5093400641	88	1784
91394281	萌猫少女的群聊	2697169420	87	25
94724063	jaihaiying的群聊	5710897874	86	36
30308775	越努力越幸运	1336814662	86	6
59269668	旧颜	3743975565	86	17
67466397	小姐姐『百辰』的群聊	2240542221	86	77
14169547	声优阁	9801828993	85	189
44410477	一起玩😜	5123333128	85	4762
83334721	我宝贝的群聊	7987577931	85	759
61823601	有钱，大家一起赚钱	6012507073	85	1
31494477	单身家族	8613484763	84	2
47504612	幼儿园中班	6951479906	84	3
32120243	小仙女，( ˘•㉨•˘ )闺蜜朋友群。ʕ•ﻌ•ʔ	1734701472	84	718
69629988	四喜丸子交流群	5206593016	83	65
85539711	李一凡的群聊	7987577931	83	1854
93762966	聊天群	9394113328	82	61
29488786	鱼塘	1380112745	81	173
82299135	互关群	7461934327	81	356
47057530	道友群	6119876035	81	1025
48181712	无名称	8409898624	81	5
31080889	👌👌👌	5710897874	81	59
51712584	花絮Yeah~的群聊	5625267236	80	20
56038495	想抱你睡觉的	7802490905	80	4
20879721	情人节做好准备😐	9742699041	80	2
52909269	梨萌猫的群聊	6651872377	79	2
92129923	唱歌群	1336814662	78	4
74649328	小哥哥小姐姐聚集地	2884636214	78	800
84218064	『帝威⚜』	2742623737	77	1307
54606968	Happy群	4697405136	77	2710
12203267	王中俊杰的群聊	5709060536	76	1
88882334	闲聊	8240373454	76	12
81880822	诗怡@的群聊	9969850105	76	28
37591322	互关啊	6119704075	75	4
84404737	枫枯的群聊	1239299391	74	180
23674543	同桌游戏大家族	8018165009	74	1111
64619950	小破白风『青衣社』的群聊	8188175945	74	222
28802128	❤软软❤的直播分享群	2938085100	74	45
18457778	💞💞冷雪💕💕	3075155578	74	3
42414699	kjay~可爱的￡小妹妹的群聊	8413882684	74	1507
88345700	一言不合就炸群🌚	8257157375	73	43
79860753	灵梦	8678311987	73	5995
67059178	此群以黑化了，快退吧	3017696253	72	4
84805085	甘露的群聊	5764221199	72	3
59559101	全网最帅美男女～	8932038552	72	107
98660904	好朋友群聊	1940434346	72	4
87913126	👀小麻痹的群聊	5621200082	72	5
22943939	玩	7757019504	71	151
41585319	朋友团	6992368059	71	5007
91830702	༲醉城ૡ	3714757508	71	570
99668882	asksd I的群聊	5710897874	71	33
57226755	kimi的后宫	1961155280	70	13
69727076	ヅ一锅小炖蛋ペ	2316261774	70	32
57097963	小公主Baby的群聊	6255022111	69	1012
24112085	最火聊天群	9599864310	69	7081
82701122	小薇的群聊	4821049707	69	3
51381527	阎王殿	9402969455	68	8237
75955809	{碧海潮生阁}	8051120283	68	23756
58509740	布丁甜甜的	6547505860	67	3042
71247791	好友群	9767965604	67	15
28811431	有什么不开心的和他说一说，心情可能会好些	1336814662	66	6
64091054	幸运避难所	8505896161	66	744
85545393	巴巴董事会🇨🇳	7484331781	66	2241
41014852	青春我来守护	1148267778	66	19
60013700	苏墨乙	8793670942	65	1087
11404379	灬『浅墨诗韵』的群聊	4497611121	65	2157
19009808	快乐	4575718731	65	285
35679382	宝贝♡	4805401675	64	1969
51829263	小九『畅轩阁』的群聊	5321138509	64	173
88062029	夏家军的好友	7168532402	63	1
26413702	小青柠的群聊	8305266832	63	248
64897756	小玲宝宝爱你们哟@_@	5028784226	63	4
11021144	大厂女孩的秘密基地	2156644431	62	5476
84227061	单身狗	1632369907	62	1078
74288769	独宠的聊天群	1056139787	62	1124
50544695	互关群	9371433193	61	737
27012019	游戏群	2872699070	61	11
46918594	开心聊天吧	3583382635	60	728
95589869	嗨群，来者不拒	6622198411	60	1
54185291	听说   若兮  又惜败。。。	2242084475	60	5
34495880	同桌百家与独行侠😚	9718050607	60	28
88627495	美丽的种子的群聊	4239309597	59	20
97320372	喜欢聊天的进来吧	8161940671	59	1
22232743	尽情的刷屏。	9719104082	59	14451
89373462	许冰冰的群聊	8794229223	59	36
38415291	无处安放的躁动	7743108312	59	174
38474238	☆希☆{快乐😃}呐	4460308565	58	2
59991680	我是你永远得不到的女人	7137677066	58	4
62388887	(づ ●─● )づ游戏群	7024324642	58	2533
40150117	1346666336	5710897874	58	77
71155875	明星群	5595702558	57	8294
81636551	林景阳的群聊	9769147110	57	17
23975233	仙女下凡♬ ♬	4690648173	57	10
62843672	星座群。	9834613037	56	6
80369565	清华得不到的学生	9617761999	56	38
12551415	「磊星阁」	2770341623	56	5089
55074198	处对象	6536310889	56	4
53567037	慕容清的群聊	9959336278	56	5
12982272	语涵家族	6690535657	56	26
12974104	彩虹幼儿园群	4164664182	55	20
42368667	黑化家族恶魔(已黑化)队长	6063312541	54	40
80026943	小哥哥，小姐姐都可以啦	4117562592	54	4
49397695	撩你把你我的人	2488857737	53	34
42482518	宁夏	8147023897	53	16
58998243	小姐姐，小哥哥	2850719122	53	676
92121478	中老年人俱乐部🙃	5459232162	53	47
37116308	沙雕	9651979109	53	410
18323202	小可爱的群聊	2877203750	53	1
83347709	纹枰论道之围棋始点	1868578863	52	6060
63047689	萝卜和她老婆的好朋友们	6608146554	52	6853
63464657	互关	8066126424	52	2282
95596620	全村最帅的男人的群聊	2411273916	52	77
69230120	沙雕合作社	4262240272	52	10
39928451	云语谢香的群聊	4642431317	52	10
35526125	☆少年先疯队＆	9254269492	52	53837
26483113	围猎棋群	5931780967	51	198
64975840	一定要开心😊	7457922033	51	400
87940063	奶茶的群聊	1279618055	51	2655
31699966	群里的都是小可爱🌸	2740343601	50	1532
69594699	✿҉͜玖࿆͜曦࿆͜❀҉࿈的群	4979176008	50	2
77230525	六门娱乐城	8304041568	50	22
80874541	『星落』家族群	8232871559	50	12612
74413994	Y.H公会	4239590688	50	7
57331614	小窝	2398098226	50	41
73131344	「冠南阁」/苏家联盟聊天群	9613490842	50	59345
46365863	追梦者	1693187106	50	794
35844328	学渣专用群	2413015548	49	6
37136546	幼儿园小小班	6951479906	49	3
82402020	染柒、	3457620822	49	20
53859400	狂暴聊群 😍😂😜	8185433955	49	1
64296575	『樱时お』	7457922033	48	381
16223486	一切都是一个笑话	5989390367	48	2
67030045	《嗜血阁》	4444464885	47	319
51415740	‍顾皮皮的群聊	9285189432	47	13
12232656	交友群	7224636586	47	25
90266612	00后聊天群❤❤❤	4235563210	47	18
44649622	喜欢就说出来	6907401779	47	161
96429134	猪猪电影点播室	6516780000	47	659
49172596	手绘党聚集地	7749596449	47	1368
12798483	大家一起玩游戏，唠嗑1群	9335659323	46	5
97481976	一个小妹妹	1057383742	46	935
93911884	希望大家改名	8804589294	46	173
13220574	菊ㄜ爆あ大队	2752878031	46	85
31497252	希望	2249492438	46	2
10994083	说不明白	1216651131	46	726
34754674	“八”月柒秋夜正凉“”的群聊	4244165930	46	1
62107114	『樱时お』	7457922033	46	350
67013598	如果你失去了朋友	5068095281	46	1
82031548	挺你的群聊	2653876322	45	8
17287330	因游戏结成盟友	5516289319	45	114
17668956	晨妍的宠物Ｏ(≧▽≦)Ｏ	7144429968	45	1
59963100	死亡灵猫的群聊	8515458598	45	505
63718996	开开心心每一天	4721285341	44	584
28963271	稚幼园	6158951778	44	11
98654363	瞎聊群	9175987192	44	86
74620485	找呀找呀找朋友😊😊	7040886599	43	88
18015413	同桌的你	1669696637	43	36
59185560	搜索互关群！	4781858942	43	6
94985398	🍧宝藏女孩🍧群	1463269481	43	10
26530024	不独一，也无二	6505318786	43	12
56349961	会长	1287498595	43	2
31483722	女生专属👸👸👸	5299211325	43	35
49300594	小窝	6453161485	43	28
28944518	Naive  ghost.	6363817764	42	27321
28960365	沙雕网友唠嗑站	2783764396	42	5963
36358201	❤喵小兔的群聊	6301605338	42	2
83354316	林洛的养猪场❤	5805413065	42	58
30478997	车费忒贵	9314924908	42	21
57389845	绾绾的小家	6171703484	42	3603
93324704	臭猪猪吖『南』	5622384599	41	3287
94978896	吉祥的群聊	6686372899	41	2
31227358	蓝宝💕的群聊	8821513638	41	1
11109231	集梦	8190216448	41	11091
28645582	咬一口甜♡家族群	8518992467	41	1
53597942	。。。	8930542669	41	471
58437788	小@猛。电影。嗨起来	4485198305	41	2
27497163	朕的挚友	7835190311	41	21
85511898	小可爱小公主小王子	9719104082	41	104
62945142	m玩	3269686655	41	1
98090110	此生有你相伴	1468717993	41	121
37086066	💔  你回来好不好💔	6678604641	40	269
14939688	陪伴与忠诚：小夕的鸭血粉丝汤	8823422273	40	23
48871393	小姐姐的群聊	9276222864	40	1
13781632	初屿.[NO.1]的群聊	6836366867	40	9
66404701	笔芯的群聊	5257311770	40	582
68652677	小小可爱	2294151740	40	3
89167748	💐星辰💐🐇的群聊	1522690537	40	106
78764386	互关群①	4589084372	40	8
18751715	美少女甜甜西瓜	9843519125	39	85
70150090	十月的@肖邦的群聊	8914680558	39	1
32329828	文明聊天小世界	3884766343	39	32
14904057	黑暗与光明	7757488822	39	31
56683523	꧁不正经怪咖꧂	2632420360	39	1
74384299	小姐姐	6398942802	39	5012
44850610	超级疯人院	3315124246	38	7857
73969623	『 Hero』	5283986641	38	13
42974757	交友	1871100057	38	41
71972502	苏言的群聊	4222071975	38	6
90498783	墨曦(玖玖)❤	8918581662	38	14
41311246	风	6471200327	38	94
45876723	我的粉丝宝宝	2474092617	38	1
93845665	马蚤 年 的 故事	3204012461	37	1
82477060	小可爱们的聊天群	5704083812	37	526
11008045	僵尸群	4715133405	37	29
75881348	梦昔的群聊	6005566170	37	17
91179613	木马的群聊	4077303867	37	522
93394627	小姐姐鱼塘♥	1926418041	37	123
67652676	同桌游戏一家亲	3754492825	37	15
74391513	嗨皮群	4561466403	37	2
74783734	国际象棋名人堂	5594001070	37	20
59038286	龙少家族	8095456017	36	30
17660836	皮皮虾集聚地	8461835025	36	1
86075143	Adcy[三月]的群聊	8147179562	36	27
85897312	一个充满超帅小哥哥的群，女生慎入	4697405136	36	941
60203686	闲聊	6237955584	36	4
96222408	处关系	1693187106	36	505
98427700	无聊 聊聊天，互关互关	7944329004	36	15
61778583	忘羡，薛晓	5002248052	36	1
52212688	丐帮	1509312654	36	1
70641961	大佬群	3456093103	36	47355
43444117	小猪猪	7352467392	35	9
64552046	家族群（萝莉家）	7818311605	35	1
91551012	敞开玩	4092753893	35	128
33011369	小哥哥，小姐姐	9719104082	35	820
85922723	喵粉物语，XXY的群聊	7251608740	35	114
44331661	洛桑家	7379990758	35	1
84631438	唐门	7114984040	35	6306
89363873	凯家小蟹	1550729617	35	2
31360456	女生群聊	5493412546	35	512
31251344	戏精学院	1057383742	35	1899
78501457	唯我独尊（ '▿ ' ）畅轩阁）的群聊	5029097597	35	2
50662107	潮汐的群聊	2100560185	35	366
16070144	单身交友群	1767463386	35	3
23437672	深夜放毒	2757241503	34	7
17622961	小盈姐姐，冠南阁	2611262008	34	756
38805628	飙车阁	1368799588	34	16194
98361656	烟酒(杰家💧)的群聊	2025905002	34	1451
55814665	小可爱的群聊	1098477745	34	200
29560689	小仙女的群聊	7133917006	34	504
11086034	<清风🔥>家族群	9742699041	34	17
76789024	草莓味🍓的苓子的群聊	9551671613	34	285
75763446	战神敌	1697657414	34	185
53852840	仙女团	5643646842	34	120
31680514	*$😏的群聊	4107871507	33	7
43623132	巧克力豆	2842574096	33	131
73354483	PK唱歌群	1783397031	33	14
67268413	我们...一起祸害苍生吧💕	8932855944	33	1
55770876	♚情殿♛	2263691854	33	4208
19550964	T.Y	2806857089	33	1
17447030	游戏群	7835190311	32	1
38635549	小九❤❤的群聊	5321138509	32	1
30443037	囊龘的群聊	1844292761	32	3
71351418	烦	3248238814	32	59
27512330	零度°	9557182027	32	12
33216725	「卿云阁✨」	5645525357	32	2473
30713585	『黑化』家族	5694721636	32	2900
90790983	吃鸡战场	1844546174	31	417
99770500	随聊群	2383087725	31	372
90906319	天剑之面	3896649748	31	1
99290438	英雄会、神仙	4637787139	31	7
52702358	小物语的群聊	5323278388	31	1269
59663662	淑菲菲的群聊	3511659930	31	25
17144617	游戏群	2413397627	31	28
68039885	来去归兮的群	8099682431	31	811
41230281	可沫沫(圣灵世家)的群聊	6550389276	31	478
54997836	开心就好٩(๑^o^๑)۶	4757954523	30	5
69170790	波妞的群聊	4565251991	30	206
34499827	~~ㄝ貌￥的群聊	7735133047	30	1
43866207	斗图秀	4697405136	30	1282
66785847	苏苏鸭的群聊	3231982162	30	455
61190230	七忆家	6758505973	30	18
50139863	朋友聊天群	4597020081	30	11
23319087	梦幻分布❄	7114984040	30	5755
66310449	IKUN	7932176818	30	9
79697687	/安黎^/	9394682489	30	201
34764955	修仙基地.	9355835079	30	8
44282878	人不犯我，我不犯人，人若犯我，杀了便是	6368013871	29	57
26962406	随便	7977496959	29	3
66380005	无聊群	1418611719	29	8
76574327	鑫乐的群聊	6401907512	29	2
31091840	漂亮女孩的群聊	6383844812	29	5
55706543	Chen   Army	8297820379	29	1
23539420	聊天群	8188256197	29	3
88037961	优质✨交友 连麦✨	9447223820	29	31
64781524	帝王盟	8359227517	29	6117
98306511	无聊死了群	9746012517	29	1
67407087	沐兮的群聊	8575471989	29	711
15499075	聊天游戏😊群歌暖暖	9718050607	28	2
62960408	互关	2228651465	28	1
68601948	游戏群聊	9511731002	28	11
31144196	♡^o^♛	1459706721	28	987
56317556	。	9937173375	28	1
69879872	❤	8680884615	28	27
86941384	凌霄之上，墨守护你！	1286027831	28	1
20636164	👑乖❤️的群聊	4358134219	28	17
50651672	邓超爱星	3793947488	28	22
71069938	动感光波~biubiu	9240571736	28	220
47737292	耍酷💔是姐💔的资本的群聊	2021565122	27	14
93616513	❤小可愛❤的群聊	8188392680	27	5
64424718	仙女群	3469884477	27	2
29940458	分享游戏群	8133269602	27	10
33585553	初霜阁	3203661399	27	65
85380991	雪儿的群聊	6982182201	27	253
11508294	促cp	4935889031	27	1370
54900045	轩辕阁	2001628824	27	4
93113183	我们是什么人	2274980088	27	2
18350601	特别的群吖	1257256621	27	4
83236945	可爱女孩的群聊	1380314489	27	19
96846554	2-019班	9686343584	27	29
27838995	糯米的特宠😘	4526092949	27	54
27598991	玩游戏群	1056846276	27	3
62636517	我的小可爱们	6522447900	27	26
93822468	聊天群。	5194487724	27	396
48370923	小姐姐和小哥哥仙气超高的	1696994068	27	1034
23884319	同桌＠(￣-￣)＠	3781506236	27	3139
61473627	兴之胒	5460859308	27	33
17506510	胡歌的群聊	3544633770	27	597
18668232	好友群	2221490952	26	2
35477581	露露的群聊	6629695102	26	8
44275708	七 七🌸静静	4989558571	26	3
55595507	楚楚的小可爱的群聊	2689157898	26	16
68226895	彼岸花盛开的地方的群聊	2300339435	26	1
40986996	漂亮女孩的群聊	6383844812	26	7
30965665	吾喵本野的贼船	8222948852	26	11
67493370	交友丶玩游戏	3945529943	26	16
81587168	『姽婳阁』	9110514090	26	1
47945037	我的群聊	9029520684	26	604
26820120	爱坤	3254378479	26	1
72552517	超奶思家庭☺	1280730200	25	1
81120514	喵呜	7552160795	25	8
42370146	仙女群.♡	7356133382	25	695
85716147	空山清雨的群聊	3861836288	25	2
85545114	多味少女的群聊	4149466542	25	1
39646600	ZSEJEV的群聊	2362166926	25	1
54022276	黑暗萝莉 （退）『归心客栈』收人的群聊	7488887757	25	20
84353897	猪圈	9453344366	25	42
97532186	小多肉家族	3731600712	25	2
74771636	不知道什么群的群^0^	5086360521	25	115
83020521	行叔居居圈	4163417655	25	6
11508535	“聊天PK”（琴清）	3776708662	25	24
23542909	【🔥☞One Piece☜🔥】的群聊	4583447454	25	29
14377613	☞☜(๑• . •๑)	4734585318	25	1
57790534	小哥哥小姐姐	8380627086	25	3
28315452	欢乐家族群	7447347144	24	4
91328895	群聊	3779403531	24	4984
69988609	娱乐互动城✇青联科普圆桌会	8914789849	24	9
19962193	暑假快乐！	3193201417	24	1029
62962485	开心一家人群聊。	8110866633	24	62
20765662	凉凉的群聊	1844292761	24	1
36074989	冠南阁	7193991645	24	8108
38125687	装萌小可爱℡的群聊	3346101088	24	219
70614126	左边是我闺蜜的群聊	4648753573	24	1
33041299	Whit.Deer.fans.的群聊	1883165960	24	1
37347265	聊天，游戏	4648703989	24	6904
88479491	帮忙群	6618371992	24	103
20772398	好友群	2898276777	23	214
78958824	柒家大院	5239108037	23	2
89467990	轻者人请进	3828820340	23	6
85442588	新猪骑士❤	4757954523	23	1
25614427	jydhhhdlu	6189812239	23	2
13265732	,懂音乐的人(音乐群)	9844796598	23	33
90423726	游戏(本阳)群聊	4226406602	23	671
78737644	邀好友	6852645937	23	60
18865352	沙雕幼儿园🌝🌝	5540113227	23	685
28327697	白条的大正王朝	4921309918	23	1
97566536	夏沫三岁Ya～的群聊	8946227729	23	11
18209718	💞聊天专用群。💞	1724558663	23	1
79435959	🏅开心每一天🏆	3055544951	23	43
51104989	鹿家少女的群聊	9144323315	23	18
31113944	少女家族❤少女帮派	3004307702	23	20934
24116517	猪的小集团	9180527570	23	3
57774662	白塔山狱友1群	3668182415	23	9
79233384	同桌大作战	4144286238	23	28
87993259	星灵♪钟笙	4531716162	23	1
19074857	魔道祖师	4887455557	23	1474
29670027	进来的全是靓女	9803692730	22	663
65181862	布卡的群聊	8957456586	22	2
82867839	😏	9510541915	22	1
49561183	朋友聊天群❤❤❤	1971839063	22	18
12887749	香城同桌交流群	7643654913	22	1
48951281	柠檬群就是帅气和美丽	6899488874	22	37
22820055	开心聊天群	5101926419	22	367
76954178	聊聊	3538738773	22	1
41772348	如鱼得水的群聊	8285591036	22	16
56147044	温馨之家的群聊	8442972595	22	565
24504420	晨晨超靓💛的盆友圈	8639395828	22	116
11880939	黑猫与牛奶的群聊	9838477841	22	3
36788538	『十二』家族	5149284181	22	4145
82635499	山下久奈	5459126557	22	116
14569450	暖冬社	9814188317	22	95
45066842	秋雨的群聊	7614351390	21	10
31107299	亮亮💕的群聊	7345715958	21	5
56379283	一起玩游戏啦！	7825111371	21	2
21040629	闲聊	2927249556	21	1388
64949374	阿宇直播互动群	3721372306	21	22
19673103	黑暗小魔女的家族	5129429355	21	337
52840701	皇族	3461844701	21	2804
16775891	张博的群聊	7861278717	21	2
44222702	ll的群聊	7947806074	21	1
16422534	赌博俱乐部	7717575898	21	24
30455859	🍀️〖哪吒〗🍀️	6572185465	21	1009
48873938	好友群聊	5484286876	21	1
93757466	鈡鐿	3024814551	21	37
87828598	叶子的群聊	9943477837	21	3
20586129	木马	1844546174	21	82
16395651	王者天神的群聊	2438630556	20	46
11963458	狼人杀群	8275064873	20	2
99747639	秘密组织	8702955777	20	23
79974303	牧添家	6770344326	20	521
81525204	果冻的群	6547505860	20	590
86331998	粉丝群	5276089853	20	1
13460863	森系小仙女的群聊	4874651294	20	41
51851152	李雅静老公我本人的群聊	6352383289	20	1
41818460	小乾游戏解说	9618431943	20	4
87306698	啦啦啦	4575718731	20	385
40369617	文明聊天群	9271888296	20	501
33917530	好友群	4750506697	20	1
63304850	实体202（已有303哥哥）『阁梦楼』的群聊	7108587813	20	21
77840512	傻吊群	4103048137	20	1188
10421867	我们一起看月亮爬上来。	2277179113	20	30
55259648	微笑面对的群聊	4735615319	20	55
31750401	《小新新》『NO，1』的群聊	7009095449	20	2
48801681	夏梦洁的群聊	3130358536	20	30
94148381	游戏群	4441301949	20	327
11296441	亦旭家族。	7930943542	19	2
23444859	狗狗团	4189356988	19	935
41310039	吥↘恠侑嗳↘	1677091236	19	32
72129084	渣🔥	9510541915	19	119
76276979	干全网 总群	3718870352	19	13
71213436	J.安苏羽的群聊	8426127778	19	12524
34091068	聊天群，交友群	1220375242	19	1
59829633	小葵花妈妈课堂	6163131562	19	2760
93551722	聊的开心	8912140078	19	5
58472022	青联科普圆桌会✇同桌游戏站	8914789849	19	41
10581956	七染的群聊	2083197926	19	63
55837710	同桌玩家	9761113307	19	1
70648393	な阳光下的温暖♚	1693187106	19	667
88874872	邻家小baby🍃的群聊	8769659709	19	6319
51633950	不夜城	6733564165	19	33
59729872	闺蜜夜话	5542564855	19	1284
93066966	梦守倾陌	6909969490	19	328
11366795	游戏群聊(学生党)	3538738773	19	3
38507047	给王子龙的专群	9857241342	19	31
54592029	国民政府	7259704764	19	4
45164123	开黑群	7498529612	19	1108
83109674	灵儿的群聊	4095114224	19	2
64583385	唠嗑的群	6582811211	19	27
23843527	邀玩游戏群	2657906714	18	12
65603794	萌系小妞♥的群聊	1828151877	18	15
33658292	不带马甲群	7047466808	18	3566
53668073	吃货群	8124228440	18	18
93018653	贝诺～(^з^)-☆💤💤的群聊	7211989719	18	4
21165083	（洛家）	3522333437	18	593
33410889	(杰家💧)的群聊	4183535697	18	1
34274734	小姐姐『百辰』的群聊	2240542221	18	63
92177739	[♥MVP]家族新群	1120450009	18	826
93050577	仙女下凡群	9346284326	18	4
95428691	宠辱不惊ミ的群聊	9528907415	18	176
94315302	八九的群聊	1539925767	18	182
62406335	💞公共厕所~』	3125893614	18	17
26114134	奶茶的小伙爱，们	9489582359	18	4
28476382	谈笑·那红尘的群	8841685829	18	9
52766158	[听说你]话社💕💕	2652016059	18	5
81874449	好友游戏群	9818214893	18	42
27710093	聊吧(亲亲)	6669797322	18	1
39771406	游戏讨论大全群。	9757137246	18	76
37515299	游戏大比拼	1719652813	17	1
22544007	桃子的群聊	6972665732	17	57
42673394	玩物丧志.	9338285967	17	603
54529899	星辰阁	3062908903	17	589
30544567	陈小的群聊	6538861043	17	76
36279317	雨天好吗😊😊	2341357419	17	9
10408241	非诚勿扰	4863019274	17	1
32371064	大家的群聊	6299904879	17	16
10272997	雨晨的小窝❤	5488644314	17	2
64747088	渣女群💔	7412078993	17	8
51022124	山支大哥‖青衣社‖	1196094418	17	361
85515571	发呆群	3199894252	17	113
37992839	仙男仙女群~(。’▽’。)♡	6505318786	17	2
41936382	恶魔❤的鱼塘	2123022908	17	2
51705661	女班霸的世界	5425372711	17	274
66760652	妞妞的群聊	5726319754	17	2
31736258	baby的群聊	2968212334	17	182
13706447	单身群	2598156933	17	10
43184836	死心	7203685040	17	1
66037614	丁艾芳的群聊	3697512429	17	2
33769562	〖唐门〗内院	7325114752	17	1332
18427760	姐妹帮	5589767867	16	1124
73075356	❤聊天玩游戏群❤	2990162933	16	1
87045154	😊😊	7010870015	16	2
15852920	可爱的小朋友群聊	4107123894	16	351
39786529	阳光走过你指间中的温暖的群聊	4349203943	16	399
80134324	靠颜值吃饭❤	2957319522	16	2
88376864	伤	3705073470	16	347
29331830	茶&白的群聊	6838104655	16	35
52593241	Fuv♡家族	7217254863	16	2
24011386	神经猫学院	4775971987	16	6
17018213	梦魇的群聊	3435178016	16	166
25077677	请叫我Y乐乐的群聊	4168411764	16	85
29283821	fjskdkfjs群	1194548380	16	39
18198488	可爱的我🎄的群聊	6387837406	16	3
21856875	青春★   45度  小酷的群聊	8584863939	16	1
96339650	狼人杀加你画我猜群	9363221866	16	8
76406664	草莓味的小对象的互关群聊	2497668577	16	1
33640519	聊天群	8709368554	16	16
42153952	TEL同桌顶级公会群	5219590545	16	46
85011389	游戏群(单挑群)	6211339759	16	36
62701061	✨甜点✨	5479421622	16	1
12291167	7117讨论群	2785197363	15	1
73040552	游戏群	8447915865	15	2
21483556	闲	7749333806	15	265
38890821	同桌的你	1204204145	15	6
98834702	聊	9656197926	15	4745
48017310	可儿的群聊	1481169293	15	111
88307908	直播无敌群	9265067107	15	4
50129833	张文娟的群聊	4632993649	15	105
86678054	悦悦的群聊	7253588477	15	1
25813188	早吖♡晚吖	3339592432	15	28
13323146	辰辰💋的群聊	5262128345	15	1
41217576	学生会『进来的名字后面加上学生级别，可以选班干部』	3596967130	15	2863
24769986	『落辰族』	9701607067	15	2
69461152	同桌群	1132925991	15	3
77751412	游戏小群聊	2795629955	15	949
97869907	月之女团	5459631223	15	7
69369237	明月清风好戊戌	1262002300	15	4
12432927	慕橙的鱼塘	8748357783	15	3
15246466	4叔粉丝群	4232851993	15	1849
28317496	。。。	6311711977	15	1
40995266	直播间叫上我们	2238025811	15	179
35359079	萌三岁的群聊	6838104655	15	537
83830890	蓝色妖姬的群聊	9487677679	15	17
65519615	lkun	4515643130	15	103
31674435	天启阁➹	1990746064	14	20
33990758	最好朋友群为何我如此优秀	9792314137	14	1
34969333	无聊群	6624931077	14	1
58811526	怡红院	4792382102	14	1
70400823	三生三世十里桃林。	9519648815	14	20
75540940	邯郸老乡，有缘千里来约会	3248616822	14	827
12085189	粉丝群	3094190578	14	109
34717614	好友群	3150533063	14	1665
60531715	不想说话(白汐)的群聊	6196138993	14	1
94783516	群聊	9419225568	14	534
85024181	亲兄弟班群	1277195901	14	1
35926292	唱歌群。	1566577374	14	810
79046737	⚜皇甫家族⚜	7151342045	14	3
31313540	一起玩😝	9177421584	14	1745
32940566	无笛群	6505268425	14	1
53429217	聊天群。	1879280556	14	3
69394933	唱歌群	7988008788	14	378
75468790	看头像交配	1276178863	14	13
70491127	想怎嗨，就怎嗨	8549378631	14	1
27715464	正常人没几个	5299958113	14	109
25272134	开心群	5180635505	14	1
26807567	轻玩小游戏。	4006538815	14	32
49935607	圆桌会议	2044190909	14	7
11351820	鱼跃龙门的群聊	2893762929	14	1
57860601	游戏基地	2551671674	14	271
18235407	小草莓	2954666701	14	11
52551255	别沉默，可劲喊	1793059325	14	1
68941081	盈盈✨[兔子公主]的群聊	4443231335	14	10
69148320	皮卡丘的群聊	8122301214	14	571
87235040	游戏群	3939872751	14	26
60152060	朋友群  ❤	3120577972	14	1
11055006	真心话大冒险	4399457492	13	7
68013647	萌妮儿的群聊	8934310554	13	90
71741839	渣男渣女同聚团	7272761917	13	8309
44422917	林家	9568752301	13	20
13970635	小浪蹄子の聚集地	5277800030	13	2
61347535	奶香肆忆	8329357723	13	232
16934255	萌宝家族	6377656012	13	3
15144525	聊天群⛎️♏️♈️♎️🐔️🐺️🙄️	5693346718	13	12
56560579	有个仙女叫凉兮的群聊	2571024040	13	1
12269235	小姐姐	1057383742	13	158
32724138	玩狼人杀的群聊	4209291166	13	10
50598877	浅墨夏凉	2240542221	13	7
57489822	瞎皮！！	6018096549	13	3
36112476	泰戈的群聊	9730748597	13	1289
61975726	北笙的群聊	7891801878	13	120
16737799	自由空间*^O^*	1073082428	13	36
45516754	…	3307606305	13	1
48253724	初叶恋茶  ~的群聊	6187383953	13	1
99464915	00后的聊天群	5589767867	13	168
28374497	一起嘿嘿嘿	1114846934	13	1
19531434	烟花的群聊	5774258222	13	4
23272687	沐瑾💝	6733146565	13	1408
91645447	小仙女的群聊	9449163778	13	96
93838112	小姐姐，小哥哥	4546226281	13	1420
97539436	我们的聊天群	4362651998	13	149
33189162	臭猪橙橙🍊	5081054420	13	643
83996028	月幻兔的群聊	1605196092	13	70
27704699	同桌游戏	3995633138	13	1
54516635	艾瑞巴蒂嗨起来！	9911169072	13	375
60904867	闲了！打游戏	7559155451	13	33
22937476	粉红小碎花🌸的群聊	5327482566	13	30
27875027	和你同行的群聊	2064738013	13	3
10276820	仙气格格巫的群聊	7961814977	12	45
58993691	花雨黯	5682477250	12	5
86011896	娇	3705073470	12	137
17943569	我婷去浪迹的群聊	6294469722	12	666
25160726	琪家❤	9394682489	12	484
44214211	各位父老乡亲们	4352924929	12	32
69633265	狼人有种杀我的群聊	6598159712	12	17
72069233	0吖0	3626770118	12	154
73903506	闺蜜	9096439794	12	270
44724300	『残影的群聊	2996618767	12	1
62072185	解忧堂主群	4935889031	12	187
52828298	浩宇	5453294535	12	18
26593483	聊天，交友，处关系	8056245448	12	1
63269700	互关❤	2826695642	12	5
65308544	画画小女孩的群聊	6580185513	12	581
66341807	可乐饼与鸡蛋饭	2684182287	12	296
34555351	好友无话不说	2104313938	12	6
68320480	我的朋友	7969952484	12	2
87543842	若曦~丸子	2104573980	12	5
41695639	游戏群	4057032450	12	197
14316362	lovesick	5948838973	12	137
16895275	张香女的群聊	8527155034	12	1
46684538	CZY～	4996440028	12	32
71366756	你的名字	9222485089	12	7
97676829	玖熙的宝贝呀	9613490842	12	6507
48855737	南风	1868860618	12	22
79373327	猪猪侠家族聊天群	2919873034	12	980
96107183	好嗨哦	9257174530	12	1
28537604	宇格格的群聊	9050836784	12	9
73035376	陌生圈	5179154694	12	1
92692826	猪猪男孩的群聊	7613207185	12	1
12530561	吃货群	1727762801	12	61
19812890	↗搁冫浅↘	4852522854	12	107
26056762	sunshine	5731956059	12	10
43004794	彩虹小狐狸的群聊	1730943822	12	21
49943530	阳光美美哒的群聊	1022731338	12	146
18685782	撩妹群	8817847590	12	2
55801714	凤仙花(迷你世界黑化家族)的群聊	5299958113	12	183
71788486	凯夫人的群聊	3525001464	12	2388
84336722	幼儿园优秀班！	7442746752	12	24
35779289	优秀勒人群	4340407184	12	739
56000967	☞那放肆的青春☜的群聊	9388414497	12	1
84120469	闲聊	5846419716	12	1
94093161	沫兮的群聊	9641305189	12	1
81977825	可乐的后宫三千佳丽	7932556390	12	2829
56773291	阿白的群聊	6368182691	12	90
13307433	兔子群	6754260168	12	26
72156149	小丑的交友群，〈不喜可退〉	8739735528	12	2
83895047	官方小可爱	5991385227	12	2
11635260	游戏群	8779893097	12	6
30709601	艾米尔家💎	6283503528	12	306
68047885	姐妹兄弟😘😍	3085610783	12	1
25786266	踏草寻梦	1789883066	12	2
33466564	女生群	4739478808	11	179
61500748	大崽子们👀	9906698513	11	8
55493177	〖人渣集团〗渣总的群聊	7967033976	11	16
92749121	小可爱，草/蓝莓	3525679110	11	569
80009243	粉丝群（禁止谣言）	8364750181	11	4
47232932	好友群	6343201309	11	34
77561289	好友的群聊	5801116295	11	3
68651497	娱乐(๑•॒̀ ູ॒•́๑)啦啦啦	5228192461	11	17
89742241	@	7967126175	11	1166
12212874	Sun的群聊	8231281214	11	356
26858278	雨落千辰~~	2717831886	11	123
32175718	小仙女(男)的群聊	5494566895	11	1
76448353	“妙”的同桌群~	8978760752	11	11
28342941	甜心小猫眯🐱小雨🐱	9645396557	11	1
51346154	蝴蝶结的群聊	2319968636	11	24
23225286	好友群	5329097781	11	4
53730498	游戏群	6794054176	11	2
66900119	森系小风女的群聊	3150533063	11	43
80153631	游戏聊群。	2078884380	11	275
11967335	猪猪军团	2519525336	11	7254
67314033	忆寒亭.	6273193897	11	21
10756508	百分九是我大佬的群聊	5348248341	11	2
66214444	小新❤的群聊	9876841402	11	2
28748566	不学无术群	9497423709	11	165
37623179	浅戏	6683370617	11	73
35800483	血玫瑰的群聊	9428287964	11	181
11919132	王俊凯的群聊	4085367145	11	47
82331333	单身家族	5854905923	11	62
93362221	万恶	1313101217	11	36
13985853	老夫的少女心啊.的群聊	1469306618	11	32
83762582	梦幻·蓝姬的群聊	3923603706	11	3
15821787	阿伦家	9886636461	11	3
91200731	游戏群	1165855986	10	11
35619151	ufnxiwj的群聊	9872796292	10	59
51649025	手速驴（驴家）	4147851652	10	19
67871056	⭕	7234975019	10	5713
32431542	『姐的拽，你不懂』	3285571606	10	2
56373237	少帅的群聊	2639834983	10	6
94255809	她若哭了，我便毁你整个天堂	3313476748	10	1451
32643431	Top 群聊	8651555133	10	3
50912187	我只愿你安好、便好。的群聊	6676207302	10	729
59443349	deujl	3597500130	10	2
94932847	人的群聊	8972174919	10	6
22761731	哪吒的群聊	6236206735	10	73
29151486	小坏蛋的群聊	2686081481	10	248
40870965	玩游戏呀！	5458925123	10	1475
95920965	爱叫啥叫啥	1453495451	10	15
22798686	混世大魔王👿	6851125916	10	4
25848310	第五人格25狗的群聊	4493387841	10	6
49291084	白色的银狐狸的群聊	6490576753	10	12
58570763	筱沫宝宝家人群♥	4796911746	10	3
73739212	1的群聊	4554778393	10	27
69264590	依然(丸2✨)的群聊	3112338376	10	106
12865461	嘻嘻	8850245943	10	2
45834417	阿里巴巴董事会议群	3310816558	10	63
78507273	尬聊	5285373768	10	38
39158384	〖花落微凉梦清幽〗家族群	2444691541	10	1007
52103859	《一颗草莓》的群聊	6218277947	10	7
19233039	悦悦的群聊	3931977273	10	9
22007429	谁是狼人的群聊	6078736674	10	159
71196436	ghost💔[LDD]	9863834029	10	11
10198739	闺蜜群	6988983726	10	521
40053033	👉地下交流群👈	8188392680	10	117
58710930	水晶~沫曦的群聊	8727073625	10	4
72687063	异朽阁	6477392283	10	5
39427426	星空下的你	8418495859	10	2
37826199	千娇阁	5613724023	10	384
98681340	小哥哥群	1929149318	10	2
39655431	惹不起的团队	8146285093	10	23
80490961	盆友呐	6612444055	10	5
94539332	『小清新』的群聊	4904010890	10	24
96600446	闲聊群	4710677293	10	1
27127162	孽缘	9509848040	10	108
43348899	叫我姐姐	2143459695	10	5
45225815	绿色家族	8655872790	10	741
59753398	乖宝宝呢的群聊	8980740453	10	27
72469562	道友群	3584770107	10	1
44092297	☆	9964922619	10	14
54103597	双子灵猫群	2687799669	10	1
75273954	Baby baby，天下无敌的群聊	3686315210	10	5
94442959	天天向上	8032615484	9	1
27321273	疯狂娱乐群	1064372618	9	3
14500826	聊天群	6410683872	9	1
27275388	樱花与蓝樱。	4385119332	9	10873
35586351	我的名字不需要透露的群聊	3947890945	9	2
49942695	宇格格的群聊	9050836784	9	63
72883805	小号的群聊	6907187520	9	31
81510708	翠小花的小哥哥萌	8405566479	9	1
28860906	COJ犯罪檔案	4497391850	9	2
64277363	香格里拉太子的群聊	3881896923	9	5
98319356	嗨皮群(=^▽^=)	2497668577	9	624
59333439	大神的群聊	5564553189	9	8
10945123	我想和你做闺密	8735334371	9	1
67028001	是我的群嘛	7063645461	9	1
22708163	👏👏👏	3538738773	9	8
27347746	『权七阁』	9473746100	9	234
54682800	游戏群	1154865446	9	33
78878795	家人情	3115402075	9	134
29999512	博~磊✨	8123453252	9	1014
40766034	源来凯玺🍀TFBOYS🍀	2241583781	9	7
96258022	倪的寒寒.的群聊	6766242725	9	1
42881025	一群颠子	4753678030	9	59
15456184	好友群	3420530621	9	19
72553249	游戏王者与菜鸡	8055742625	9	1
76752676	贵族	4729976516	9	1
89731206	轩浪也已	4260706061	9	1
62303930	仙女们	3625693999	9	658
81820603	菀生兮的群聊	6235698414	9	2
91472320	快乐之家的群聊	3505905440	9	50
20493515	倾城美人	1558685366	9	2
80963198	猎鹰的群聊	7229051591	9	17
10289587	美好的回忆的群聊	3218063431	9	6
12003548	酷够味『清辰家』的群聊	4098489725	9	79
59950268	河东裤头挑战全网	9705789532	9	1541
38891223	戏精学院	6213347448	9	3
66484664	Boredom (>_<)	2452443672	9	7
70753811	盖世英雄们，欢迎来到我的群我是群主。	2295378492	9	29
66489485	飙歌群	5222471910	9	48
87107853	没什么特长就网名特长	8056178383	9	1
23418199	幸福的天使----善良的恶魔♥	4755382123	9	1
75872300	沙雕family	9468359480	9	225
13328626	😃😃😃😃😃😃	8175424723	8	5
34812067	幽的群聊	7936737202	8	13
47080948	小绵羊的群聊	4095708168	8	4
83975498	甜甜的大家庭	9933491490	8	53
42271296	可爱的小少女的群聊	1929780520	8	113
40142036	绅士中的流氓的群聊	4880309675	8	96
45782396	聊天群	8845338473	8	155
11448199	多人聊天群	9499813426	8	5
23979112	聊天群	1783126742	8	1
37329980	可以关注         交朋友的群	7645693840	8	2
20143847	。。。。。	4157632496	8	66
62380205	闲聊群	1658906502	8	407
15897023	丞欣的群聊	9794242915	8	39
37456511	QC家族	8851485823	8	77
58756736	『鹤家』	6439334204	8	2890
58945963	冷漠群～～💔	6176376403	8	5
93658970	【滚刀家】	2568160235	8	116
14719961	猫未随的群聊	6497439482	8	45
17463405	现女友	9465994678	8	339
25509938	同桌的群聊	4396270874	8	9
59472502	姐妹花	4539424842	8	1
71466359	纯洁可爱小宝贝的群聊	3513855894	8	6
83631306	可爱	9786935354	8	30
12615723	右手的群聊	9264243173	8	6
71364877	小可爱的群聊	1316772616	8	6
11278653	沙雕群	9151269527	8	13
44397602	丑八怪的群聊	1739664669	8	1
39340507	青檸檬的貓的群聊	7141715962	8	1
51623946	暗无天日的群聊1	4369309228	8	25
61911848	啵啵家的讨论群	7628511513	8	4824
99452039	{仙女}	1696994068	8	9
18727189	无聊群😂😂	1754035871	8	3
48972402	刷屏群	3538738773	8	209
74893073	聊天	1162078617	8	1515
91162496	皇家少帅哥的群聊	5095638449	8	8
84826567	心丶晴的群聊	1889389688	8	144
92613919	自家的宝贝	8364083779	8	4
12892598	小仙女的群聊	5939535522	8	76
13779979	撒狗粮	6319347547	8	279
56888184	放下的群聊	5061702339	8	12
96379073	如今小凤。的群聊	3928022359	8	38
58126825	游戏圈	5688470063	8	90
63194833	梓若兮的群聊	4886918948	8	14
75220382	我得二哈后宫	5018205617	8	612
38862765	陌生的一起聊天	1022731338	8	95
58051096	密~~b第一门『吾风』	6861168286	8	55
65199020	冰雪之王	4383195040	8	1
58135013	陌路南城╭(°A°`)╮的群聊	5659385572	8	1
15390052	杜小仙💛的群聊	6541304931	8	3
71071580	科比的群聊	6642882175	8	1
72929212	乳皇（头像本人）的群聊	6336102510	8	144
45960480	素问的小伙伴	4444196558	8	139
67386927	阳光女孩的群聊	1121867692	8	1
76782190	旁边的小姐姐。的群聊	1776279613	8	1535
86093124	^ω^的群聊	1195805786	8	69
30553570	瑞家群	3943675667	8	3
21816126	女生聊群	4313594399	8	9
92192328	同桌群聊	4436413177	8	2
14161601	柠檬之下	7063712756	8	1
71206841	刘正奇的群聊	2038752427	8	3
64176116	小心点	2639057802	7	8
87270571	爱心群	1844546174	7	74
69735859	初音(群聊天)❤️	1291418233	7	2
99607359	游戏讨论组	6633876336	7	2
15970412	失眠群聊	1498923650	7	480
35841450	♥農糖♥的群聊	3038985851	7	3
43417077	修	5392265466	7	2
34420705	交友群聊	4289047832	7	1
49965329	樱花的群聊	7030523074	7	6
62084542	猪猪女孩的私人聊天群	3138848709	7	1
82730442	我是好人群	9127723709	7	19
98510847	@叙忆*【思安苑♥】vip的群聊	9023205086	7	2
31183856	群聊	5368490529	7	1
57593685	游戏小群	8726084873	7	6
62127688	南韩大宝贝	8121830490	7	14
69842807	星丞的群聊	9912989665	7	126
71598814	大大怪将军的群聊	7404918158	7	5
18893663	我们一起玩吧	9470619120	7	2
43460524	小甜妹	3992905294	7	70
53490610	洋洋洒洒的群聊	1296552302	7	1
81792381	猪窝🐷	3965241869	7	18
90254160	同桌群	1011261115	7	20
44019250	高速公鹿的群聊	2241611592	7	4
46331474	『清幽阁』	8932038552	7	177
81728978	鲁班的群聊	5459357717	7	114
94439344	？？？	4157632496	7	31
12709147	来闲聊	9227227574	7	1
16033548	天天开心的群聊	5475768641	7	46
68190212	好友群。	6075390994	7	1
41395263	👻	4492331984	7	57
69112155	清风烈焰灵姬的群聊	8089199812	7	98
85128293	抱抱佳宝【魔道家族❤】粉丝群	3937650330	7	200
34480422	非也，飞也	9610106533	7	74
41841363	黑化	9848568618	7	258
82579335	文明群聊	6852645937	7	15
38113452	可爱族 ★朋友群	5480266288	7	241
84770575	、血色天竺@的群聊	8793984549	7	3
90232580	甜心	8615552344	7	1
99731822	村口六枝花	9938210059	7	3391
13157791	胡萝卜小兔群	3064795412	7	3
24026854	狐狸圈	3819758686	7	53
92805917	可爱的小公主的群聊	7255533221	7	1
94572822	皮皮虾，带你走	9759756283	7	1
26393460	做我们的弟子😉	4188094388	7	1
38862736	家族群。	9686771861	7	1
96667053	湛蓝的天空的群聊	2908459420	7	128
10559143	祝殇生日快乐	8272954813	7	153
70790468	杨沐青的群聊	7861013156	7	1
86706942	单身狗	9501827997	7	102
88139273	狼人杀	8457374604	7	67
15943152	回忆像个人说书的群聊	9838003945	7	132
27616840	八九(青青草原)创的群聊	5100888652	7	748
55067224	温柔贴心的群聊	3383017769	7	917
98839035	大家来聊天。	6864173959	7	6
60714385	同桌群	2353906895	7	20
69272919	污*聚集地	4762384843	7	85
76200036	梅的群聊	7076522914	7	11
81187507	阴阳怪气的群聊	9447453528	7	14
11599440	五仙女	3700446981	7	104
32312830	小女的群聊	5148617429	7	1
57090392	全体沙雕交流群。	7642520272	7	27
12126340	鹿	7342185173	7	5
16741140	妖妖的群聊	2456264124	7	1
17055740	聊天	4233153643	7	35
56217422	李白的群聊	9149581145	7	1
69787716	龙猫带你去看世界。	6663395784	7	1
84718204	我，你惹不起😍的群聊	8992843160	7	259
12340005	沙雕网友聚集地	5693215411	6	2
64370359	游戏群	7335877145	6	7
77647325	好朋友群😊	2879433914	6	1
87357524	地址度的群聊	2311691470	6	1
12555015	聊天群	9078288979	6	22
18179152	|｡･㉨･)っ♡　喜欢你♪	1683025284	6	1
23049355	ゞ灬蝶ゞ恋じ	4631495285	6	3
25830025	中国的群聊	2594900053	6	12
32836685	DAISY~婕的群聊	2563821251	6	11
39834162	非攻及受的群聊	3066509495	6	4
17067692	兮.的群聊	8641603379	6	50
20074718	你的💋小哥哥😜的群聊	2823778656	6	3
40939818	大神王牌族	6947956916	6	6
56258354	崔凤蛾的群聊	1990467266	6	20
62160334	小姐姐	3126442147	6	2
24381778	沫、殇ぴ的群聊	2782617863	6	201
64691330	收割小哥哥	1673104229	6	5
10350585	00后聊天扩列群	6100795204	6	246
43903729	草莓🍓	3303848887	6	20
65686979	木叶村	4092906723	6	41
86295108	cc群	8298112500	6	290
48510194	猫仙	4239590688	6	2
91427800	深海少女心♡的群聊	7298052516	6	6
94674866	ヾ(@^▽^@)ノ的群聊	6235925780	6	6
94918435	郭建博阿giao@宮主的群聊	8173160352	6	2
21802703	灵溪儿的群聊	5027260530	6	14
55047560	1433223(一直读看看^O^别中毒)	2938154942	6	1
84472571	七夕快乐❤	1670322514	6	36
53040172	沙雕网友在线集合	6158455126	6	3
91986411	金木研群聊	5731571949	6	2
95313315	紫藤五子棋社	9977129317	6	25
40827120	琳妹的群聊	4871514482	6	24
79061530	宋小睿的群聊	5601962779	6	1
81878158	137	2108420100	6	1
95502909	学生群😂😂(15岁以下包括15岁)	6750432076	6	121
34290342	kTv群	4383195040	6	2
44448202	王者的群群裏聊。	3882324920	6	47
25289079	月色如蝉	7365722852	6	56
92383614	💗姊莲妹💗的群聊	9787956656	6	6
93572437	中国的儿童群聊	1839648910	6	7
32949293	Cathe🌸的群聊	7092662356	6	46
54794385	♡馨l的群聊	3898263841	6	1
55025397	我喜欢你	7721084383	6	49
75872176	昔家宝贝	8978795571	6	37
30250494	沙雕群主在线陪聊	5138359806	6	29
50437061	晨曦园林	3075483704	6	2
60411289	开心交友	6910506003	6	6
16101980	游戏聊天群	3283764124	6	2
43051128	战队集结	5986840849	6	49
51650819	伊来克拉克的群聊	9253095196	6	49
67461765	美少女群	6496041322	6	1
72611648	小妮子的群聊	3756189180	6	1
77255651	时光不老我们不散🌹	9445358928	6	234
37016500	绿色团收编新成员，老成员滚	2684127627	6	358
43851577	游戏精灵	1046403996	6	100
45706437	朋友群	2287981106	6	8
76426022	狼人群	1716547738	6	1
96901116	KARRY的群聊	7324135251	6	44
84894383	群聊	5908619963	6	98
22291950	要留，要滚，我说了算。的群聊	6292947829	6	1
56035589	泽玺的群聊	1472809989	6	3
31935287	没有人会心疼我的群聊	5013497833	6	830
83423006	孟昊天-神秘领域-游戏-群	4138521848	6	80
74777153	萌萌小可爱。的群聊	9101377529	6	1
87256583	至尊宝的群聊	9908821315	6	21
90445792	愉乐修闲群	2629807597	6	5
18464296	同鞋👟游戏群	7444204044	6	47
73204542	班级	2292605767	6	1
10523902	专门骗豆豆的豆阁	3006782345	6	69
26738745	烟暖雨收阁(夕家🌸)	8810630650	6	46
30020538	大清王朝	6689241646	6	108
55127485	小姐姐~泡泡的群聊	5806666742	6	160
61056293	小孩子聊天群	9874928794	6	73
88443787	‘皮卡丘’的群聊	2890777783	6	5
15440036	聊天群	4718599291	6	179
55737988	❤️	4556591318	6	53
83891108	群聊	5123333128	6	17
22145295	冰天雪女	9388385914	6	5
44198337	群主无敌,	2425521230	6	11
86046113	随风飘扬（杰家💧）的群聊	1356033531	6	187
34721504	非 官 方 佛 系 唠 嗑 ♡	7826646264	5	1
57277360	̶是̶你̶太̶难̶忘̶的群聊	4794003118	5	16
71217072	那些年,走过的路	5247349979	5	1
79961623	00后专属	7165904603	5	25
98998005	最狂群	1950166780	5	475
17815574	小哥  老婆小小小小不点  （社会人）的群聊	9081204436	5	21
49682651	玩狼人杀群。	8210392229	5	1
62919657	徐志兴的群聊	7905086423	5	18
72526749	☞爱你一生一世☜的群聊	8840744723	5	1
88965143	好友群	2916302292	5	24
22511104	聊天群	2448986880	5	47
97752282	余佳音的群聊	2730292313	5	7
31191880	夏天的味道的群聊	2893923521	5	58
71574077	Eternal warrior.的群聊	5433581797	5	1
97228435	꧁꫞꯭ 笙兮꯭꫞꧂的群聊	7259772461	5	39
29102832	小七呀！的群聊	6911375445	5	49
39077440	坠落的天使（已黑化）的群聊	8461565862	5	1
55550129	快乐才重要	2262548485	5	33
79969967	咪咕汇	3837878923	5	1
87548456	我爱的人	7721084383	5	32
92178792	乳猪撒泼🐷	4316057455	5	1
94500487	从零开始登天梯	5689369375	5	283
97526859	天下的群聊	5671711503	5	1
33555182	游戏高手	6744033939	5	1
50978929	小仙女的群聊	8641603379	5	11
56554947	小家族	5603260705	5	7
14204048	卍☞咽喉过滤香烟☜卍的群聊	9314401706	5	552
36717088	卍西木卡卡卍的群聊	7673492328	5	22
41414390	只为你的群聊	3558143897	5	46
45189641	四只狗头🐶	5096721445	5	1
47041437	游戏群	6613182057	5	41
51357265	挑战群	2789864698	5	195
60221971	姐妹花🇨🇳	9029633800	5	1
85245582	阳光男孩的群聊	5268973145	5	3
87012169	昙花一现💓💓的群聊	3275880658	5	120
12316940	波妞的群聊	6887995725	5	199
43346670	瞎聊群.	2008221383	5	25
57625793	战神-无双的群聊	5842512802	5	1312
27637091	海裳凤蝶的群聊	7165863398	5	1
38634324	刷图，嗨起来	3596967130	5	2475
60059132	懂哲学么少年？( ͡° ͜ʖ ͡的群聊	5498813705	5	2
67255044	正家【証鎵】铁粉群	1149623597	5	2
71685747	交友群	7033204032	5	2
77119065	猪猪女孩〖白汐〗的群聊	3220945089	5	1
80916643	Van的群聊	9525832911	5	64
19346687	吃货的美梦	9526380695	5	51
23753361	兽兽家。	2746191414	5	1
36784130	梓馨的群聊	4886918948	5	4
59300479	闲聊群	4257487758	5	11
60900863	玥玥是个可爱鬼的群聊	9735349227	5	27
61183054	k&k 俱乐部	4664428657	5	48
34140816	小楼一夜听春雨	4569464348	5	60
40319206	可爱的小猫咪的群聊	5634162317	5	127
45881741	❣️Oreo.	1658175644	5	57
66169104	逆恋情缘的群聊	1085954855	5	4
76346099	下雨天！的群聊	6937435423	5	8
77099132	春暖到夏末的群聊	2409188037	5	2
26854791	自由草的群	5319948296	5	2
40594113	梵荶冷笑	3238096031	5	9
45813450	互关，交友，游戏群	7807150669	5	145
48708162	。。。。	4459210010	5	2
69546293	声明的群聊	3815892832	5	941
78193799	星河，的群聊	9616935686	5	10
86016780	。。。。的群聊	4787595217	5	2
27763970	三小只	7847681760	5	6
64456884	专怼张伟业	2919194970	5	19
65218225	13岁群	8075584629	5	924
98707996	风之少女的群聊	2636501973	5	71
34942669	迪丽热巴的群聊	3691681037	5	1
42639831	薄荷柠檬的群聊	7266830359	5	29
83987102	王俊凯是我的宝贝的群聊	8285705720	5	6
20476280	鸟语花香的群聊	3320417906	5	169
35381058	猪猪小群	7967263600	5	75
66465226	猫系少女的群聊	1435400223	5	2
72384032	Orange🍊的群聊	3145244561	5	27
73450037	阎王殿.	2020808823	5	2
75699600	追光群	4277760034	5	56
31422005	雨泪的群聊	4534829239	5	3
48161390	含笑紫罗兰@的群聊	7543177285	5	13
53502105	同桌游戏小霸主	5830213348	5	6
65187040	明星榜	4144305306	5	26
10342563	一起聊天	2618997947	5	38
45257795	安娜的群聊	8098662734	5	3
47159627	朋友群	2950142496	5	108
85269918	空白的群聊	4647382299	5	19
24862816	进群的要看火影忍者(⊙o⊙)哦	1756540245	5	17
39360677	小姐姐大驾光临	2786279514	5	1
51757753	你惹不起的小姐姐们	5856468985	5	13
72082571	亦辰～阳光男孩[战神阁]家族	4204730885	5	1
74896547	醒着做梦的群聊	4666062348	5	26
76569015	死神［南城北］的群聊	2756641209	5	2
16787155	依	7934429819	5	14
42599809	玫瑰馨语的群聊	8492026150	5	1
43394950	就是喜欢晾着你♡的群聊	5911784679	5	45
47900490	郑爽的群聊	7165904603	5	1
50800563	阳光的群聊	2055376898	5	5
61590693	夏侯连城的群聊	5971353123	5	1
68841107	迪家军	1929055622	5	2
86481879	可可的群聊12	2242696764	5	13
89002479	。	1685249773	5	19
17013424	另一个自己的群聊	8270251438	5	12
93760295	小仙女们	9073704289	5	1
94624784	超牛牛牛牛牛群	5739211218	5	53
95746221	一笑玫瑰的群聊	8784265065	5	52
17574538	春雨的群聊	8803839079	5	2
25500406	莎娜宝贝的群聊	3038647672	5	20
32904003	╰つ゛ 怡爷的群聊	4200625950	5	93
51887573	安静的群聊	1379191381	5	23
69734823	强的群聊	4929173442	5	8
90851342	可爱的柠檬~~~^_^~~~🍋️群聊	6748146133	5	244
30352944	冷群	6734846897	5	48
74727927	小心你们的狗头，要不然我的98K都爆头了。	2171714341	5	23
76655867	软萌炸≈酱机💓	8045950332	5	75
82765856	逗比的群聊	9944233102	5	49
52669253	道中人（不是道友自己退群）	8869876538	5	24
71801341	开心之家	2990925750	5	14
82509362	以女王姿势゛俯视全世界的群聊	9590340186	5	313
85134843	秀儿聚集处	1161662770	5	10
19449003	石来运转的群聊	5309970076	4	1
85002310	沫鸭♡	9782175319	4	21
91405787	小可爱。的群聊	5405345203	4	9
63429569	萧曦〖情念🍃〗的群聊	3810133344	4	860
71191987	游戏的客人。	1584748330	4	163
86771008	小云同学.的群聊	5400675805	4	14
94016247	大了点点的群聊	3384675715	4	28
51489682	张杰的群聊	2330139159	4	1
68321688	小姐姐你好的群聊	7119640635	4	3
28014277	美好明天的群聊	9021902509	4	1
28271326	追梦人的群聊	5475351367	4	17
29877027	无聊的群聊	8348031054	4	29
46263218	TM的群聊	2645713933	4	13
49605441	爱情公寓	9126785267	4	2
79017415	小学生群	1939299841	4	6
96229260	凉心的群聊	7570915737	4	17
21083607	对战群	7743253965	4	1
37657706	神都偏爱的群聊	8504412010	4	3
43776788	LANGGE的群聊	3075483704	4	2
44090191	老子是幸运的星⭐	5495215291	4	2
57502888	爱丽丝群	2125851362	4	3
58298588	孟哥。的群聊	1223197589	4	3
91745542	快乐驿站	6787764684	4	11
98628513	绿色家族	7508632092	4	13
17271522	王牌对王牌	5331908932	4	58
28919411	✟✢✨🌺初夏未恋🍀✨✣✟的群聊	1186365324	4	1
51576318	美女的魔法天团	5784680054	4	22
67491654	。	7298903249	4	95
22108153	杨洋。	5958978722	4	2
32891848	群聊	9115558479	4	313
35577758	夕阳红养老院	5180054558	4	2
40422118	觉觉的群聊	9755751777	4	7
52345507	快乐的皮球	7434628730	4	37
72431672	九黎～的群聊	4068437960	4	35
81357182	五子棋车队	1377136807	4	288
88018121	四季如春的群聊	6735279527	4	417
96112638	噬魂的群聊	9070324491	4	8
96552394	姐妹月月的群聊	3491135228	4	63
11311928	霸气。的群聊	8238524993	4	2
34536602	甜心宝贝	6088668322	4	329
36409758	好友群	2460492021	4	9
49017814	多啦A梦的天地	2632762253	4	3
51612118	夏邑对象群	7956179454	4	1
53878915	粉丝互关直播通知群	8767709830	4	17
65025370	鞠婧祎的群聊	4862252934	4	22
73725301	永爱郑爽的群聊	7991078266	4	1
96659740	游戏神群	4272620182	4	1
10599805	无名	6003933262	4	1
11623791	小飞侠西西😜😘的群聊	3693412973	4	14
14424044	幸福佳人的群聊	9134516281	4	16
14455923	甜到没朋友的群聊	1735593849	4	3
17678733	美美哒。	5966534635	4	1
18683775	爱你们萌萌哒。	2456430072	4	21
49829342	气象团	7186363421	4	14
52013244	开开心心快快乐乐的姐妹	1172858534	4	27
80934041	☺的群聊	1709197851	4	2
30237545	游戏群聊	3203699582	4	8
31195450	吸血鬼群~	1072862685	4	2
40109795	爱你哦，幺么哒	4787595217	4	1
57373359	可爱的木木呀的群聊	8367970748	4	41
61498832	可可的群聊	5638764261	4	12
67544943	渲染的群聊	5270078013	4	7
72132090	小仙女群聊	3645366645	4	21
75530225	〃A🔱天雅家族	9160958919	4	45
83405866	为了自己	7477757063	4	3
90248986	让时光到此为止的群聊	3987764992	4	362
99631252	๛深海未眠の繁艳未归💋的群聊	5928704352	4	1
11605361	游戏群	6517235774	4	52
15638179	残魂的群聊	9673835643	4	12
22273437	同学群	5092248621	4	37
40681598	沙雕群	4641623711	4	7
41488947	天秀元歌的群聊	4160854764	4	4
60037674	富婆群	8208685946	4	2
64508034	玉兔精们	3297427933	4	6
70524694	说鬼片群	2307592363	4	1
78199251	没对象的误入。	9513624417	4	18
53421138	我哥哥很强的群聊	7543404414	4	1
88182696	ice	7296703470	4	101
92474524	玩游戏	6420013403	4	791
92642609	👑Dummersha💫的群聊	9608254304	4	2
93743102	怦然心动群聊	4622840349	4	5
30685385	梦之泪伤	7081541278	4	5
57833655	小猴紫	1714997093	4	2
61544609	群聊	4033635682	4	2
72306207	王俊凯	4912709001	4	173
77251494	富婆俱乐部二	8957702486	4	3
96670235	可爱少女的群聊	1550931446	4	17
18612181	baby粉丝团	5447390435	4	68
35672843	女生专属裙	2944632022	4	1
80556912	⁰ʚ浅ོ笙☾⋆᭄的群聊	1638505932	4	199
84721496	鲁宾均	1177773205	4	9
86481589	萌小希的群聊	4665143682	4	11
88274966	摩蝎座（小熊）的群聊	6045695411	4	11
22911102	我爱我家的群聊	7451115280	4	1
35248605	@浅夏的群聊	2424788079	4	1
40978462	你有(ღ˘ ̮˘ღ)真爱吗的群聊	6011892731	4	8
53276395	沈毅的群聊	5764620140	4	2
56774086	佩奇的群聊	1457356299	4	1
65516269	麻将馆的那些事😂😂😂	8532613768	4	220
11041079	玥玥的群聊	5139636084	4	237
13416323	可爱小仙女组合	9850935453	4	12
16027526	DAISY~婕的群聊	2563821251	4	1
32076063	Doctor Stephen Stran的群聊	2312639762	4	1
63768698	1314爱你的群聊	2305422443	4	28
65430296	机极废人的群聊	8300962716	4	4
75040973	星空梦想群	5914976953	4	29
78339133	刘经理的群聊	6777216242	4	27
79837881	聊天	9832749520	4	7
84662009	仙女姐姐的群聊.	2523389094	4	55
56319411	『雨楼』	4636906966	4	642
56902688	昙花一现💓💓的群聊	3275880658	4	7
57714094	小孩群	2307592363	4	1
81510460	你好！  加油！的群聊	3035893717	4	1
23113103	聊天群	3096951497	4	469
26155432	小公主。的群聊	9354640073	4	6
28354490	逗比小天使	2737414423	4	1
32845005	ぃ宝贝的群聊	6372869259	4	378
43757350	谁是狼人	3928593032	4	22
47214353	高明雨061的群聊	8088758415	4	9
56095946	开心组合	5989509604	4	41
79364221	最强大脑	9785922380	4	20
17086342	追星族	2122549123	4	59
21729171	傻吊之群	1053455625	4	2
26714197	唱歌群😘😘	4557834441	4	547
32612373	无聊	8723262501	4	13
40430576	四大天才	3948020349	4	224
45400734	孤独？聊一下	7726437548	4	15
62232776	男女皆有帅哥美女。	7594489516	4	29
69854796	学霸群聊	2731436415	4	3
74813364	粉丝群	3337829780	4	19
79732404	三帅一傻	2107752888	4	1
88133584	闲聊群	6860501498	4	1
94655725	仙袂.的群聊	1575468360	4	3
56206341	修仙基地	8836544067	4	531
72362144	社会主义接班人	2127714376	4	2
32400447	女生群	2307592363	4	1
33281414	王者归来萌娜	1524666579	4	30
33400160	wzr 很OK 😘的群聊	6529916474	4	1
38121111	ooO未知Ooo的群聊	5693215411	4	1
39126491	杨幂的群聊	6161715868	4	4
50661655	拽家人	1491772415	4	1
83144153	A     我是....的群聊	8506560764	4	1
30573228	八卦群	2307592363	4	1
35387577	【梵 兮】的群聊	9387614098	4	12
38245732	暗部家族	7380825381	4	88
87429304	柠檬的群聊	1628003056	4	9
89732560	Cy	4541378334	4	1
69645278	和旺幸福之家的群聊	1909172937	4	100
15778642	可可爱爱仙仙女女	3568675191	4	159
24070685	梦幻城堡	3069885871	4	4
31622391	小姐姐的群聊	2932345294	4	14
41137474	柠檬味的猫的群聊	9717070063	4	30
43925666	最美的你的群聊	1518635059	4	21
62466867	兄dei	4143406043	4	8
66847318	恶魔群	2307592363	4	1
75459120	帅哥的群聊	4091558019	4	195
96199851	🏅『无心堂』	4363357792	4	40
11242740	❤😃	8051731454	3	6
14157512	姐姐的群聊	1638773489	3	5
30225009	沫沫的群聊	8381245489	3	2
33309916	小夏的群聊	5096539705	3	5
33984498	帅哥美女群	8830696667	3	39
44337698	et(外星人)群	2049990680	3	28
59384282	黑社会	9880444103	3	1
60810931	☀的群聊	7557836514	3	868
78508075	妖伤的群聊	6831939742	3	53
80709743	三人朋友群	4122072888	3	14
84843600	我是你☞爸爸☜	2635285212	3	19
11137572	同桌小纵队	7651771311	3	69
11142983	梦	9058405821	3	48
31727464	坤坤	6763984506	3	13
32260508	沙雕三人	3818830638	3	5
34206314	小果冻的群聊	9216062406	3	25
41525413	兔子牙的群聊	1483518718	3	9
56035394	你快乐吗	4409585861	3	16
64442778	未来首富群，MAU	4871909133	3	11
68129806	咬一口爱你的群^ω^	9722565773	3	1
72858833	【洛影】	4734585318	3	148
78697213	.	7317306154	3	2
83656401	冷辰的群聊	1097068184	3	1
84124940	坚强心妹💕的群聊	5872337829	3	31
35025407	小仙女的群聊	6329887407	3	2
41663694	佳佳的群聊	7267990573	3	1
42715813	拔剑四顾的群聊	1823997559	3	1
48427039	星~	7860831441	3	3
48444297	温暖小窝	1013680989	3	34
66261420	樱花雨梦的群聊	5459001326	3	44
87005891	秋天的欢乐的群聊	2440475645	3	1
92471009	小可爱	2472368346	3	210
95366827	汐月吖✨的群聊	9249786327	3	1
25327455	梦幻少女的群聊	2970777042	3	7
38998615	曹美红的群聊	6899426226	3	20
50082258	猫南北的群聊	2013168602	3	53
59428706	沙雕组	8944383005	3	11
80816364	大家都可以玩群	1282926631	3	2
85027470	🐯月光👗🐶的群聊	2109690139	3	9
87616102	水晶~沫雪的群聊	9067942256	3	740
93192401	孤独成瘾的群聊	1803389887	3	5
95340016	同学	7329658529	3	2
96490695	Angelababy粉丝群	6701168080	3	44
98897896	啊哈哈 无所谓*~*心态	6024197608	3	19
13602175	震雷削队长典韦的群聊	8234397588	3	2
13843197	璃雅~星辰的群聊	2310344312	3	12
21035916	爱的人	7721084383	3	11
30736897	樱花味的猫	5186386078	3	4
44742037	狼人有种杀我的群聊	6598159712	3	7
46837351	游戏群	4865578609	3	77
66293154	微生心月的群聊	2460739470	3	81
89629597	sandmº迷梦翼的群聊	3004147242	3	6
98063450	☆╰俄の笶﹏☆	2420507749	3	9
19965433	哥哥	8000399336	3	3
24112354	沫沫的群聊	6007091734	3	5
29178153	白杨云❤的群聊	7345933162	3	12
35153249	孙宁的群聊	1309200684	3	13
43430113	爱遥人士-ai遥✨	6973002420	3	1
43533656	ugh,ggc,hgh、！、？	7963257716	3	1
47054331	沫娜  『孤独』做头像	2123404680	3	31
52500789	小琦儿～的群聊	5968275774	3	20
73048296	无聊群	8845338473	3	35
78063931	姐妹群聊	4453737333	3	35
78345490	萝莉家族	1727616489	3	12
95219354	乱七八糟的群聊	4998202134	3	6
13025234	爱你呦。的群聊	8654636656	3	26
25122699	进来就是可爱人。	1282926631	3	1
28229746	刘子豪的群聊	6280303401	3	23
32758577	everytime的群聊	1009795636	3	1
43944005	安娜的群聊	4869715794	3	1
45846507	🏀	3489406057	3	13
48006733	TFBOYS粉丝群	1575071424	3	8
59102471	聊天群	8850176038	3	3
65440924	王佳琪的群聊	7550328744	3	4
75833603	倾抹阁	6931391195	3	35
14647415	吃不胖的群聊	3410265378	3	86
26201120	尽量开心	8904865630	3	32
31941537	tvtghj的群聊	3613145243	3	2
32054343	小布丁的群聊	4922922948	3	2
32398782	全幼儿园我最帅的群聊	6989958855	3	3
34035730	落染.家族	3769388349	3	10
34205514	☞走啊走啊』@颖⊙的群聊	4073645783	3	22
37879162	开火吗	1295854699	3	6
62483827	李佳烨的群聊	4594261913	3	11
83263577	星座聊天群	7895269657	3	488
36961676	夏天的群聊	6921090473	3	5
48129886	游戏群	8573338104	3	14
68867268	同学一起的群聊	7571929238	3	9
71465248	我是你的小可爱的群聊	8434346116	3	1
76716188	小姐姐OR小哥哥	6256165888	3	1
84369103	洞洞幺	8964176662	3	18
97765989	小猪的猪圈	8609476953	3	9
10904142	瞎闹，瞎说，家族	5065996932	3	3
25084949	小游戏嗨起来	7371923991	3	18
29707466	小苏的群聊	1109390760	3	161
41542791	佳佳的群聊	2907957022	3	102
54880847	『魔道祖师』	4762384843	3	17
68008039	鳗鱼的小鱼群	5984965380	3	267
76954228	好友群	3253381905	3	11
84003523	美少女三人组	4780792177	3	24
99972563	友谊群	8112533174	3	1
12252758	😍我是木星小妖怪的群聊	7498529612	3	16
18162349	聊游戏😜	5629325062	3	4
20339346	恋爱聊天群	1718831353	3	14
22805057	聊天群。	9701056397	3	3
25816751	铁三角组合	5145776392	3	168
26625469	闲聊	3919669988	3	3
36986766	社会你龙哥。的群聊	5403828549	3	36
39816409	柠檬不檬的群聊	4614490943	3	48
40474997	沙雕群	1159566471	3	3
45740814	PK吧！少年🇨🇳	4375071665	3	1
78050285	静影沉璧的群聊	3682943090	3	2
89559588	默音的群聊	5536152495	3	6
90119641	文文	2914111239	3	15
96549386	小月牙的群聊	5288066148	3	20
98548957	小熊猫的群聊	7759898949	3	22
11799239	倾诉场✨	5474978159	3	11
33069427	一起嗨呀	4958275137	3	2
58587442	星空梦想群	5914976953	3	26
92340849	姚欣怡的群聊	1209898269	3	16
98708726	聊天丫	8936245422	3	13
21230716	精英战队	7510740186	3	11
26472145	莫愁	5684110258	3	174
38535677	游戏群	9108882251	3	38
39498554	好朋友，不客气	3284934337	3	13
61945436	上古神兽聚集地	6452945046	3	11
69593998	🌹鞠骑🌷的群聊	3596710434	3	20
72944747	孤独一生	6153611610	3	343
90358081	可爱百分百的群聊	7552904806	3	5
97751506	A. 曼舞飞扬舞蹈艺术学校	5470946374	3	56
98985354	。。。	4018321923	3	9
19539510	情侣头像	9940047558	3	15
24756921	微生心月的群聊	2460739470	3	7
27928069	...	9256858405	3	57
52460352	kimi与小黄@的群聊	9764544446	3	3
59957985	同桌游戏群	3071970296	3	36
66502382	游戏聊天群	3552686432	3	29
23211001	宠儿的群聊	9119258611	3	30
39799796	小屁孩	8928566258	3	11
40419264	清华永远得不到的学生	8691103240	3	3
58077957	处cg 处好友 处dx	3348221077	3	5
59466719	休闲区	5145776392	3	274
63138153	女♀生小聊♛	9265552708	3	28
74133904	薇薇涵涵	1350528359	3	21
85451229	朗朗上口A的群聊	9870250391	3	9
90769125	姐妹三人组合	3152915919	3	2
99721040	_＆卩unk丶杰的群聊	5219302010	3	9
23307424	💜💛💓💙💚💓💙💜💓💙💚💓	8718978628	3	2
24233652	仙女小窝🍥	6726511586	3	82
31973181	追梦人	3101510394	3	42
34505855	凌陳ぁ.的群聊	4959995096	3	10
63246106	然后呢！的群聊	5245800031	3	11
78728588	Agoni`的群聊	8527624414	3	10
93869225	꧁㍿꧂的群聊	9740998744	3	733
98907169	宝贝的群聊	6748824982	3	8
40939376	月的群聊	8676171540	3	32
44508977	小学生的群聊	7436072173	3	11
64046665	悦悦的群聊	7399428748	3	46
66608245	最后只剩我的群聊	8487075280	3	7
72743846	宝贝的群聊	6971048225	3	14
79151163	安小怂。的群聊	9840306181	3	32
79995153	徐紫晴的群聊	9560828487	3	59
25850504	画一尺经年的群聊	1965666101	3	1
38910602	牛逼克拉斯群	2643764711	3	22
39536121	巧克力小姐姐的群聊	8345271947	3	22
59944248	群聊姐妹花	7057505424	3	3
64693300	闺蜜群	3569672128	3	1
65006231	ふそう きみこ的群聊	3038612582	3	376
71573203	暖情的群聊	9796204504	3	197
72031306	群聊	7572356817	3	13
77937033	喜你可爱样的群聊	2773457526	3	60
78429409	你在我眼里满是星辰的群聊	7785549588	3	9
90405009	晓~o(〃＇▽＇〃)o说说家的群聊	9985360272	3	5
99095714	奇葩阵营	5266149908	3	87
11188594	花开半夏💞的群聊	4610112790	3	1
14955746	我是你姐姐的群聊	1059978434	3	1
15870137	小公主	7127121754	3	47
23174139	✨美少女小分队✨	7321751599	3	1
29027385	我是你永远得不到的爹的群聊	2560862933	3	2
73069751	欢的群聊	5454339479	3	22
82745500	00家族	5056884092	3	70
91469226	交友群	3689690127	3	35
42412587	爱你双击。的群聊	9751324377	3	37
50741305	《大美女白阿姨的妹妹》的群聊	9577030763	3	115
74592473	董丹的群聊	4696471163	3	3
74647084	杨家大本营	7861013156	3	2
75157446	德尔玛卡的群聊	9723760194	3	4
91683366	大佬们的娱乐场所	8924417051	3	455
92253447	王春梅的群聊	2358376214	3	6
22420828	嘟嘟嘟嘟嘟嘟嘟嘟嘟	6500146762	3	13
28025226	恋蝶	9819622977	3	2
32752134	最美的光	3887085258	3	262
33406246	亦有始无终的群聊	9338351025	3	4
37417748	小刀☞创始人的群聊	9901862301	3	214
40790943	鬼月金华的群聊	6993167990	3	43
55442801	好朋友	8255439582	3	2
68240222	⁡的群聊	4389513340	3	2
73586955	仙女们的群聊	4632836184	3	11
82976965	佳.h的群聊	7690510821	3	7
86168061	芙蓉出水的群聊	8041801512	3	1
12760434	聊天	3677188759	3	2
12780790	糖糖超甜的群聊	6174950808	3	7
22796066	我的好朋友。	1799738054	3	21
23578636	逗比	1744737286	3	223
53838861	冰原狼	7866057254	3	8
54357832	姐姐说了 算的群聊	3372074165	3	12
55045952	春雨的群聊	8803839079	3	2
56909659	爱你250	7336378209	3	53
88933367	圣诞的群聊	4369095326	3	5
89194483	👾	3740067209	3	9
99200404	😏😏😏的群聊	4833499288	3	11
24251500	天涯为客	7041572977	3	20
31136897	游戏帮	2338767018	3	3
31377519	挽歌的群聊	9302505946	3	1
34962596	小天使😇🍯的群聊	5115010652	3	15
42194865	卡哇伊送图＋游戏群	6442768844	3	12
58404665	🕖的群聊	1588285299	3	63
75478741	꧁遗忘、新世界꧂的群聊	2733210203	3	7
78673648	悦悦的群聊大家晚上好，我今年13岁了，我学的是钢琴	3468125389	3	8
87176188	jggjgg的群聊	1000224791	3	7
10035029	北柒 ふ的群聊	9410756833	3	224
14930470	好友群	4565775074	3	2
25161104	🌸吾心向迪，永不分离🌸	4885967755	3	81
30362326	霸道总裁的群聊	2248151629	3	6
47510068	三只小可爱	6316482583	3	9
59472880	&	3491096617	3	986
64216931	明月清风的群聊	8861445959	3	1
79381523	shelly的群聊	6232397794	3	1
82793148	吃鸡三头猪	7868360678	3	161
32091249	弟弟们的聊天	7701154769	2	10
40768388	这是我们的小世界	6733613070	2	137
51383928	11111的群聊	7990550389	2	1
53192506	林爱颖儿的群聊	8056812722	2	25
58916267	斗罗大陆聊天群	9608638272	2	14
71537625	渣女	6946105088	2	13
75402118	至尊狗家	5712981147	2	26
86502116	大家都是小朋友群。	4168515306	2	95
17302309	Love|ormgir|的群聊	8910527244	2	17
20566321	小女森森匚环猪阁]的群聊	5884174725	2	4
33976312	雁鸣湖	4229135234	2	29
43040585	小萝莉🍦	6523523273	2	4
51717143	喵星人的群聊	9579285786	2	2
59600627	含笑两步嘀	1610408121	2	84
67978763	微信区，和平精英	7026233700	2	2
69972959	席靖琪/朱欣怡的群聊	1927639182	2	1
93545782	Android的群聊	6406071142	2	2
13145207	骂死他	4303403983	2	104
34876096	幼稚的群聊	4954508129	2	1
35419075	絷爱行星天朝妹妹，的群聊	3747698312	2	290
48438631	饼干	9112380979	2	31
50786629	王者的群聊	4995158756	2	2
62839971	死神的群聊	6002689593	2	3
91750391	小鹿小白的群聊	4240017744	2	5
14223080	韩信，街头霸王的群聊	4694171523	2	6
21125402	信 仰的群聊	4627270525	2	3
37425742	非诚勿扰。	1675309885	2	93
50194827	~玲姐~的群聊	8516436628	2	1
67517209	聊天处cp群	8876734558	2	6
67703920	仙女爷爷的群聊	7042862267	2	8
68888944	不萌少女！的群聊	7857519715	2	4
91408586	妮妮的群聊	8742061480	2	8
17944547	谁都不可以欺负我的闺蜜。的群聊	7475402657	2	1
30880437	三岁大部队	4437454055	2	7
44959571	洛洛洛	4069524380	2	3
45079734	游戏群	9589431165	2	34
50452910	开心是最重要的	7432412250	2	1
70498337	菟菟的群聊	8041939713	2	1
78036916	嘻嘻哈哈	5361111373	2	6
78124072	韩宝荣的群聊	5959180755	2	4
99010187	王者的群聊	4995158756	2	1
32646096	无敌战神	2223032563	2	8
36641473	。依人💋的群聊	3888078950	2	3
41222785	玩迷你世界的一起玩	2031803269	2	22
46215650	菲菲的群聊	4336139879	2	14
62839153	小糯米团子的群聊	8127980223	2	23
94924258	小庄666的群聊	1831763977	2	16
98528191	赌神。的群聊	4431415113	2	10
19220764	【淡疤】的群聊	7216187619	2	19
25371113	小米粥店铺	1127452586	2	14
38378206	战斗天使。。的群聊	8559669716	2	3
38966076	葛吧把嘎把了嘎耙耙公主♞互关的群聊	4674572014	2	1
41058499	『道家』	1507768158	2	1
43114287	小婷的群聊	1332124053	2	6
57051614	ヽ(爱´∀‘爱)ノ小哥哥的群聊	3025081304	2	39
74084079	月月园园的群聊	7008777105	2	4
76633082	仙女的群聊	4327810356	2	3
96615635	^是团子呀^~的群聊	8147845705	2	1
18091061	我的群聊	9810712591	2	69
28274800	玫瑰花的群聊	8640482664	2	8
38455166	杨群的群聊	2528354828	2	1
38786402	哈哈的群聊	3149647359	2	13
47414749	游戏讨论群	1205224512	2	2
48897876	小鬼群	6140928901	2	64
51069062	现实的群聊	6039697765	2	1
53470535	帅哥美女群。	1282926631	2	1
92759639	萌萌哒美少女的群聊	2402436904	2	2
95787657	同桌游戏-连点器群	3203786500	2	34
20718652	狂浪的群聊	6327855604	2	13
47505275	好友群	6093702166	2	3
51328148	靓女路过的群聊	3416785898	2	8
62970576	@.com呵呵的群聊	4456756488	2	2
69398006	美美的群聊	3448145357	2	19
74954750	幽冥的群聊	3869474319	2	1
79939890	乖戾的群聊	3707477534	2	3
12627567	小猫咪的群聊	8361406737	2	1
21911295	宠辱不惊ミ的群聊	7223634419	2	3
26235276	灵九儿的群聊	5172701376	2	12
38173402	动漫♥沙雕群~喵九阁✔	3392002003	2	9
59890751	鬥羅大陸	4572688565	2	1
83483766	狐妖小红娘	4572688565	2	1
22926691	麋鹿组织部	4058963702	2	6
30694442	幼稚园的小孩纸♡的群聊	7089329419	2	69
41832634	去向团	7186363421	2	14
46434459	浪花一朵朵的群聊	1169103554	2	1
47119247	陌然つ的群聊	8672010199	2	5
48162082	涵宝的群聊	3612149997	2	4
55624827	不良少女的群聊	5194487724	2	11
65899243	仙女味的泡芙☆的群聊	9847345735	2	1
68397619	吃鸡大队	1623644101	2	7
74616324	猫和老鼠	2897036297	2	6
78092082	双鱼座的小仙女❤❤的群聊	5158665177	2	4
89461969	易烊千玺后援会	8797346143	2	8
92056667	平民家族(新建)	7914941455	2	6
95435427	wmycx	1636212610	2	2
97708778	热情萝莉的群聊	1915686956	2	13
99900711	四叶草	8243241101	2	3
26962701	奶茶的群聊	7138952455	2	32
29827401	小sao妾室🌸精樱	4821673868	2	1
36132981	进来请给桌豆。	3436535985	2	9
36681939	空城难入✺的群聊	1289412242	2	3
55520220	❤️魔道❤️	6057885096	2	2
61200332	冰雪王魔的群聊	8506560764	2	2
74620667	墨羽的群聊	3922695245	2	5
82693906	霸道ko的群聊	6584585893	2	80
84569755	熬仙	4904651170	2	4
91469623	十年.的群聊	9631920706	2	7
92906407	猫巢	7622480307	2	6
38841211	小猪一家	6473457545	2	209
38988497	ryyvfd的群聊	9797459363	2	7
40736362	祁九的群聊	6962273663	2	2
55014373	洛家小院	4641623711	2	5
60543196	聊天室	8833988269	2	4
72179146	逗比男神！的群聊	6228321283	2	36
79256792	千辞♥的群聊	5781259259	2	20
80261185	湫的群聊	1807721304	2	1
82699416	小可爱的群聊	1630867613	2	2
83945600	苗家姐妹。	1613195657	2	31
24800003	『Q.T』的家族群	1207512634	2	51
31382665	辣条协会	6051473698	2	15
38606946	单身群	4528945371	2	5
39399305	阿松的群聊	3312169392	2	3
43129449	呵呵群聊	5780890816	2	7
52086210	渣女团	9510680772	2	15
57204123	。。。	8635346724	2	11
61657842	小宝的群聊	2076814927	2	3
70036937	闲喷	7448521678	2	6
93685597	开心	4572553603	2	2
94826228	调皮的小女孩的群聊	3929177482	2	3
33655721	偷心盗贼的群聊	8307046078	2	4
49101793	张.的群聊	7763023962	2	58
65003943	神经蛙和神经兔的群聊	9031500588	2	21
91710477	菊花的群聊	9212183761	2	34
93124898	虚礼	8014523574	2	135
93976011	无聊群	8050758230	2	6
10320236	狼人群	8290615911	2	10
15626237	。的群聊	7063635083	2	17
18098244	似火～	9642916795	2	4
22622988	朋友群	6691759913	2	5
48120886	小萝卜的群聊	8510314039	2	2
51941812	聊天大会	8011103662	2	3
92117282	萝卜勾引的兔子	9649004422	2	2
18600018	好朋友	5730015920	2	11
38330994	姐妹群	1702859117	2	22
60958072	♡的群聊	9297540820	2	2
65692497	象棋爱好交流群	5014119448	2	14
77493067	朗朗上口A的群聊	9870250391	2	8
78700981	雪花的群聊	4789794258	2	30
28354425	游戏PK群	7982763417	2	7
29425489	仙女群	6919564131	2	38
39338478	三千多好友恋恋群	3720368917	2	4
42450045	无视沵的存在 ﹡的群聊	2605728178	2	6
62160736	倾城	7419676074	2	2
73105054	尘尘在线陪妹纸	1949354883	2	18
74874984	Aurora💍的群聊	2737273392	2	34
88735666	仙女的群聊	3131771684	2	9
93975930	朋友群	5297068925	2	8
10278043	你的小可爱的群聊	6223783988	2	6
47331740	东北大乱炖	9627195314	2	3
47490918	优:，	7725054388	2	3
53988387	QQ飞车	9649363691	2	4
81552644	乔可心的群聊	7775536599	2	9
89979432	凤姐的群聊	8623599615	2	4
94630747	爱不释手	5697616561	2	9
22769667	世俗	5383940983	2	46
26510730	同桌游戏	8126073186	2	10
62115859	沉星ꦿོ的群聊	4109670288	2	4
65893806	闺蜜群聊	7304288034	2	16
68251339	偷心的群聊	8713969219	2	3
76647083	。。。的群聊	4417150243	2	5
92001483	你是我未曾拥有无法捕捉的亲昵	7483535576	2	15
93683638	皮卡丘	9411964666	2	2
10529913	冧的群聊	7578779180	2	2
12193309	充满希望	5001040274	2	2
14047088	妮妮的群聊	9676387764	2	11
14464556	幼稚园	6906194189	2	3
16061623	和平精英	2897036297	2	4
20942630	帅过李现和邓伦的群聊	3391290429	2	5
47177159	好朋友群聊❤	6944105535	2	2520
54021184	可是个大宝贝呢的群聊	1515964821	2	2
56093180	小可爱的群聊	4729513749	2	12
56552091	浪女没有情的群聊	2579841070	2	196
63365850	青弦墨韵	5116654387	2	3
63781448	富贵险中	9411964666	2	2
66225546	小甜心里	7988248725	2	1
69565047	同桌游戏网友群	9017051175	2	7
71745329	可爱的小宝贝的群聊	6933837662	2	6
72378814	吹着泡泡的妞🌚	7179491353	2	2
93643261	游戏交流群(可以玩游戏)	9763235534	2	12
95302190	隋丽娜🌹 🌹 🌹 🌹的群聊	3089965238	2	1
96153019	妳的思涵的群聊	1504551489	2	4
23865080	李佳慧的群聊	9377216539	2	4
27373033	网红会所	5931260668	2	8
28504647	红尘阁	2622170802	2	1
28951920	竞技场	8272954813	2	11
31966587	姐妹群	5297700850	2	9
34383275	（各种棋类，同桌游戏）技巧讨论群	2378649310	2	18
40014759	唱情歌的少年请别忧伤的群聊	6101318575	2	2
81525707	狐妖小紅娘	4572688565	2	4
96629024	建芳～15321666996的群聊	5774820954	2	1
10315750	方恬的群聊	9978963909	2	2
21871105	和私信没啥子区别的群聊卍卐	2407132171	2	9
23745457	默的空间	4844328210	2	329
25343399	小朋友的🌸朵	5678265059	2	4
36580388	一起玩呀	7936737202	2	1
36627591	刘三爷的群聊	9191669707	2	6
38182875	★╰丨巅峰丨灬鬼魅メ的群聊	8512167240	2	9
59129163	聊天群	5604524180	2	3
63696399	沙雕日常	5473068042	2	5
70935007	孙悟空的群聊	9316027275	2	3
75746871	珍珠奶茶	4416894040	2	6
75932125	月兔宝宝的群聊	9747858274	2	1
81056454	樱之琪丸	6295112625	2	1
86882818	拆情侣小组	9818258479	2	34
92738170	葫芦娃拯救爷爷策划群	8680939005	2	3
94314546	冷	9706109700	2	7
99621659	Kiss丶唯有她的群聊	7000840833	2	13
20467138	闲聊群~	6941765594	2	20
23000109	老师	4487916235	2	17
26271516	夏花冬雪的群聊	1866232871	2	5
33548833	疚爱的群聊	8889104207	2	2
43550563	打打游戏	3554048969	2	5
51009206	姐的气质你学不来的群聊	5447390435	2	4
57194006	网友的群聊刘志云。	5769810965	2	3
73813143	小公举的群聊	9953315272	2	11
76536291	烟的群聊	4031401720	2	5
10274402	故里的群聊		1	2
21146703	幼儿园		1	1075
25733799	游戏厅		1	8
26245813	打屎你		1	168990
30049386	三生三世十里养猪基地		1	1
35951171	二逼大队		1	44
42899043	台球群		1	93
44727511	梵梵聊天群		1	62
47637221	猜谜语专群		1	3
51705491	聊天群		1	67
52959079	Angela的群聊		1	260
54416719	可爱之家		1	1543
62819637	魔ꦿ℘゜正群		1	8
68102329	　　逗比惹人爱i		1	26450
69593094	彗星✨		1	111
75952299	🍊灵雅的群聊		1	2
81025866	聊天房开房通知群	5314544818	1	4
81595747	游戏群		1	5
91846421	。。。		1	266
99436678	四叶樱花雨的群聊		1	21
17004083	快乐群		1	3
17868357	@墨颜的群聊		1	1
21947739	无忧谷		1	3697
22068756	张诗晗的群聊		1	3
29125617	水与火		1	105
31859012	尴尬了   啊哈哈		1	894
32088672	彩虹慧眼的群聊	2182361390	1	3
35643936	小学生群		1	7
49787213	[可爱团]	5103132530	1	23
51669501	阿  ming🏀的群聊	2409144705	1	15
53719080	。。。	5742796971	1	6
56520797	~\(≧▽≦)/~〖霸气〗		1	652
56804994	行星群		1	39
62035077	🎠红花会		1	14
63726974	风和日丽……		1	22581
65860397	柠檬小姐姐【南城北🔥】的群聊		1	9
76852001	啊啊啊啊啊啊		1	27
94092049	无聊		1	16
94707633	『鹤家』		1	38026
12782055	散星寥落_❤️的群聊		1	17
27049397	崔亚军的群聊		1	16
29278169	小仙女们		1	285
41994067	ʘᴗkimi萌到不行ᴗʘ	1538003644	1	1
42167877	南阁刀🔥		1	20
43833420	「唐♚门」		1	7
59079155	TFBOYS粉丝群		1	12
86971726	沐曦❤的群聊		1	2676
87428175	令山97殿下的群聊		1	30
88330501	🌱绿叶.		1	32
15281497	快乐的朋友		1	10
15578009	🌚魔仙堡🌝		1	15761
17785668	好朋友		1	70
31884829	仙气格格巫的群聊		1	14
36328387	《彼岸》		1	12
37205369	处cp群聊		1	26
40038004	聊天，互关群		1	2126
41755338	西瓜阳阳玩  🍥的群聊		1	16
65132646	安静先生的群聊		1	10
69019485	霸鋳		1	540
70622780	最火聊天群		1	9
71356189	嗨，你好。的群聊		1	6
79992343	可爱小姐姐的聊群		1	50
96225641	『听香阁』（分群）		1	198
11099567	☀☀☀		1	380
34224162	多金殿		1	620
39352670	最强的小医仙的群聊		1	48
44843238	🌈三个大傻子		1	903
53748972	林妍的小窝		1	122
59255974	🌚🌝		1	89
63814632	梦梦		1	291
64599546	我这个群的人，帮拉一下人，谢谢		1	190
70630770	开心就好		1	1025
71314020	萌酱か		1	1264
77385461	emmmmmm		1	72
79581568	聊天啊		1	879
92106804	沙雕群主在线陪聊		1	11
15546864	沙雕发源地🙈		1	410
21612877	青丝如黛的群聊		1	49
28019583	八九不离十的群聊		1	440
32345103	聊天群		1	9
46976162	墨羽♡聊天室		1	22
57406492	同桌群		1	2
57502980	谁,动了我们的年华。		1	15636
62646376	霸气无罪(爱)		1	104
65110539	乞丐帮		1	6704
65641060	西瓜阳阳玩  🍥的群聊		1	52
67231050	星星们的群聊		1	1
79652015	聊天群		1	778
95469607	Spirit的群聊		1	3
13137344	钱佳佳的群聊		1	3
33574892	🐷屁屁……🐾		1	2
41803502	小男神交流群②		1	25
50779315	虐狗		1	33
53143040	空巢老人寂寞冷		1	4717
55126439	女生团		1	7
65102507	七色彩虹🌈		1	163
67789055	不嗨群🐒		1	1390
72919711	狼人杀		1	8
81240951	社会太多追风狗		1	28220
89289461	LOVElY『家族』一群♥️		1	92
92183274	Ang|aby[尘情]的群聊		1	11
96718791	明天的明天		1	8520
97780767	该群用户已成仙		1	24
98129559	聊天群		1	54
16184717	墨༒羽的群聊		1	259
18441808	闲聊群		1	1303
18525001	姐妹群		1	669
23396055	小可爱的群		1	1
28391413	忘川[国jia💎]的群聊		1	4801
29637402	九月的群聊		1	11
40523546	我的人		1	3
40905263	大灰狼 (老大)	5100888652	1	6
43559884	童话的群聊		1	101
47156694	七友阁		1	468
58657098	青楼孰客♡		1	55
75707658	ㅤ		1	24
78109626	 往后余生。的群聊		1	2
86233747	聊天群		1	1912
94736158	情侣群。		1	374
10765321	『青衣社』女生世界		1	2
28469699	柠檬家族		1	5
34902597	小苏的群聊	1109390760	1	4
34979135	聊天群		1	114
41176191	王俊凯群聊。	4449420795	1	10
41738252	来快手搜王者的群聊	8544886153	1	21
48431928	点雨落山岚		1	43099
51625144	墨羽♡的世界		1	1
53718086	周梓珊的群聊		1	11
82337234	小晴雨的群聊	1582353778	1	4
92304527	斗地主吖^ω^		1	2148
23701406	夏沫的仙女群		1	57
45643784	闻雨欣☁☁️男☁☁️☁️☁☁️男佳🏆🚬🚬的群聊		1	188
46274215	咪ca&星星的你的群聊		1	1
48973848	情侣群	9096627459	1	347
49949490	不知道是啥群名好		1	28
50319814	少女方梦然的群聊		1	2
52633218	羽尘家		1	236
55994362	摸仙堡.		1	1
59362877	椒盐蛤蟆		1	442
60379064	Looker-on（1）		1	59
62336643	贝贝的群聊		1	1
66796675	七色彩虹🌈		1	217
73592695	“墨羽♡游戏群		1	2
75212184	[黑暗家族]的群聊		1	1
83514045	小哥的群聊		1	47859
90215901	的群聊	8223746904	1	7
96214458	嗨皮天团		1	9475
97881229	养乐多是群主		1	19
10294116	曹永兵15185837395的群聊	9934133216	1	5
14610058	小可爱们♡		1	37
15103810	占瑶瑶的群聊	6645309317	1	7
36973487	专拍抖音群（不玩抖音的人，也可以）		1	108
38638742	🙆🙆		1	1559
40695268	꧁卐♣♛♥:-)お卐꧂		1	1363
41220173	巨蟹座♋的群聊	6361333857	1	5
45703870	挚爱｀小豆豆的群聊		1	6
51881358	鄙视你		1	126
61084028	单身妹子的天堂💓🍃		1	10
67648744	阿杰ing的后宫		1	604
80165623	校长，借个火		1	155
86696236	🎈💘		1	355
87074649	搞事情		1	8
90927782	念七的群聊		1	27
94695085	聊天群		1	34
94824481	后功🙈		1	1513
95248617	单身狗		1	1
13202720	꧁血色༒杀手꧂的群聊		1	4
13238916	他不要	4055110122	1	2
29329137	花，，，，，，，，，，，，，，，，，的群聊		1	135
37172303	最火聊天群		1	13080
40597793	新悲的群聊		1	1
43226693	美妙花园的群聊		1	4
49006539	聊天群		1	29
62578085	柠檬&不萌~的群聊		1	2
68489964	幼稚的群聊		1	3
69479836	小可的群聊		1	6
71566529	『奶糖社』		1	291
77116602	花开不败的群聊		1	181
78726713	小沫白的群聊		1	52
79381112	羊村基地		1	1439
81278778	夏沫		1	3
86764906	默笙		1	10
88565072	💞『空白格』💞		1	2082
89470408	沙雕游戏群聊		1	50
92991935	聊天		1	14
93338369	自己的一件事的群聊		1	9
94466704	北葵向日的群聊	3499556263	1	3
10491739	交友聊天群👐		1	1
16382127	柠檬味的猫💗的群聊		1	6
23095074	柠檬。。。的群聊		1	2
25933624	花，，，，，，，，，，，，，，，，，的群聊		1	10
32668176	天真守护闹闹		1	42
38313586	小怪兽滴好盆友		1	9997
38732317	心动的群聊	4497915534	1	3
54351367	喜欢月月的群聊		1	46
60242590	旧梦的群聊		1	17
63256617	聊天群		1	390
65090729	我不在，不准浪(禁上开挂)		1	4950
68911558	小妹妹的大哥哥们		1	43
76861730	《嗜血阁》		1	6404
78441850	〖仙女阁〗		1	18
79547114	杨紫的群聊		1	7
19733686	冰封（冰封崖）的群聊		1	6
25536808	凉阁.		1	591
26129171	baby的群聊		1	66
32628333	互赞说说		1	4507
34102383	醪桥小学六一班		1	4
44003543	熟悉的人们		1	5
54277971	学不学都一样的学渣		1	6452
63708731	蹦迪仔。		1	1
76785950	沙雕1号		1	201
87177345	小怪怪爱的人❤		1	11218
89294246	大冒险		1	777
96948040	好友群		1	30
10311443	交友		1	1394
12136780	夕阳红老年社交相亲²		1	463
15623578	狗子酱💜的群聊		1	1
18792269	抖音群		1	5
25929068	正經群		1	15
40950977	朕的鱼塘		1	5481
51880444	闻雨欣☁☁️男☁☁️☁️☁☁️男佳🏆🚬🚬的群聊		1	206
60912696	雷神崛起☞天神☜的群聊		1	2
68619941	盲屋	9293713932	1	10
73243369	白厌的群聊		1	200
83638056	亚男的群聊		1	3
90654578	交友，互损		1	27
97971083	抖音专拍群		1	8
99411501	三人群		1	15
99857070	小猪的猪圈		1	449
12989117	小可爱的群聊		1	1
19416959	狂嗨群		1	3
24651251	西瓜视频		1	9
43346276	天马行空[神仙府]的群聊		1	30
52606747	最美的光		1	5
66620978	伯伦HOME		1	1
78452370	大爷群		1	8
82446189	♐️仙海小天女群聊		1	24
85222417	💛💙TFBOYS❤️💚的群聊		1	1
86147959	白梦阁		1	14
88193811	奶思的群聊		1	105
88914054	闲聊群		1	6
89396605	超短群『沙雕家族』		1	842
92802113	天马行空[神仙府]的群聊		1	12
10986332	肥宅快乐水		1	115
13281653	baby后援团		1	147
23731786	地标最高颜值群		1	9
24037442	渣哥陪撩群		1	787
26684901	无情		1	676
27550321	彩虹慧眼的群聊	2182361390	1	4
29795164	猫王世界杯，方块世锦赛		1	104
31534055	分手快乐！	9161055102	1	1
50199384	神秘群聊	5314544818	1	5
58510951	明星群		1	447
59008700	〔尘情阁🍃〕		1	48
59817341	『凌家』		1	1165
61391309	随便聊		1	9
70243764	欢迎大家❤️		1	7
72831089	甜甜蜜蜜的群聊		1	19
77559736	秀恩爱死的快，这里是秀群		1	339
88562553	娜娜的群聊		1	27
98606761	闻雨欣☁☁️男☁☁️☁️☁☁️男佳🏆🚬🚬的群聊		1	16
15651722	嗨皮群		1	10684
17049551	不知道		1	133
17111388	美少女		1	20
20503689	🍀淡醇熏骨染云笺🍀		1	15
21831307	【交朋友 （聊天啊） 】		1	29
39144412	不是我来晚了的群聊		1	5
40474925	艳艳。的群聊		1	1
45058776	老刘的群聊	4646965305	1	5
47108486	♛霸气女王殿下🍀	8732049051	1	6
48328885	E	2928932150	1	4
65336960	魔鬼！	6521606740	1	2
72892726	可以刷屏，但是卡了别怪我咯！不可以打广告		1	10014
80449526	仙[己黑化]	5050840664	1	35
94317064	聊天		1	160
94553849	Alifelonglove		1	559
96731715	姐弟妹三人组		1	4
12273222	小唐呀嘻嘻^o^		1	1148
21999420	别太放肆了孤傲的青春m		1	8846
25006159	狗子酱💜的群聊		1	686
29988389	ღ離℡🍃的群聊		1	7
33692345	赤嵌楼		1	743
35156902	小可爱『清』的群聊		1	20
36492098	聊天群		1	454
49693144	延禧宫		1	5
73061338	封神演义	1582353778	1	2
80915433	波妞的群聊		1	42
86649243	心想事成的群聊		1	5
97474242	博家军💞️		1	283
97688067	幻舞阁		1	25
17340893	同桌捣蛋群		1	3
25469579	粉丝群		1	39
27270203	瞎哔哔群		1	3732
63144088	雨		1	4232
69519521	游戏群聊	9133837797	1	10
78267425	作业 ，我要勒死你		1	13
85647052	HNDJL的群聊		1	2
91881535	死人群		1	34
93867403	孤殇寂	1534387042	1	3
94116311	独自、守空城。		1	7116
95025175	小乐的群聊	9808503914	1	38
96459055	好友无话不说		1	5
98721242	黑化的群聊	5050840664	1	103
16338057	Tfboys的大家庭✨		1	118
18282586	😏😏😏的群聊	4833499288	1	3
23737618	鞠婧祎的群聊		1	1
29642664	狐狸群聊		1	25
33152140	猫颜俱乐部		1	21
33898325	佟年		1	1470
41997893	里边全都是大佬		1	196
45814894	快乐群		1	1229
45934719	😁️		1	374
48479775	霓裳阁		1	75
49032373	来交朋友丫		1	3
51325155	◎的群聊		1	2
79983192	闻雨欣☁☁️男☁☁️☁️☁☁️男佳🏆🚬🚬的群聊		1	139
87346000	♚深夜放毒		1	1
11068875	谁是狼人？		1	70
14673983	东方明珠		1	9
16352769	Z.B.Q.的群聊		1	1
27501739	六年级群聊		1	5
29292869	恋你如初的群聊		1	1427
42289375	叶倩儿的群聊		1	153
52800091	小姐姐之家		1	37274
53339643	千纸鹤的群聊		1	3
67515903	承蒙厚爱＠的群聊		1	1
69532393	幽月的群聊		1	9
83946681	七秒的群聊		1	37
84638072	温若涵的宝贝涵家军.		1	1470
88322403	玩痕群		1	5
88416188	雨墨家族群		1	16828
90633020	夏九.的群聊		1	1889
90784140	萌萌哒		1	28
95265763	萌奶茶萌小叶！		1	2
97121065	《嗜血阁》		1	5
13688096	头像群		1	1392
14863940	🍃聊天群🍃		1	906
22920115	小哥哥		1	56
28133311	☘的群聊		1	2
32960799	王者开黑群	9068915228	1	1
36562425	🍋柠檬🍋		1	106
44416945	Ms★、公会		1	1
55680833	就有两个人的房间	3688669927	1	72
66438749	喜欢就大声说出来		1	184
67442138	蓝狼~🐺		1	10
93263706	萌萌哒		1	14
98385950	闻雨欣☁☁️男☁☁️☁️☁☁️男佳🏆🚬🚬的群聊		1	279
99152628	无聊群	4573761086	1	206
99962559	一起嗨翻天		1	118
15869310	Alone°深秋ご的群聊		1	49
21308444	互关，唠嗑群		1	4
22652252	兄弟姐妹亲情群		1	1
31580248	小峰峰的阁楼		1	5170
50402331	懒情西瓜的群聊		1	10
54094625	宽容的群聊		1	33
57530779	欣欣的群聊		1	2
63435240	随风飘扬的群聊		1	5
75324003	魔道祖师		1	5
84717061	一生梦染半世凉		1	15
94140898	熬夜群。		1	884
94583125	仙气阁		1	1
99463530	欧阳娜娜王源的群聊		1	353
