5362556552
2527618122
8811627786
7187205723
9022276467
8812125875
1621759627
9928059709
1430215982
6664941696
3923741737
8685639953
8812839550
9370963512
6385613968
2117417269
5589322466
7082264945
8813544629
2371278739
9125477103
5524136051
5923553400
3943653708
1848908139
3978139774
6666861210
3777140569
2372048854
2844988274
3290852612
2372759837
6902500334
5565764307
4520735816
8742255934
6099971625
7739884695
6910665356
2373984534
9391576820
3718646772
5913514381
3282955254
6356835512
4522282703
2659200268
4522516988
6250103044
8817857904
4598408640
4523070887
8602647219
9424486522
3286836972
4523334674
5338749574
2398053048
8818631717
8073580185
2376496976
2212269985
2702157333
8819464282
7998756341
7664495753
2377495034
1391506321
8820188157
4525426797
5841099855
6447667765
6919231883
8820740518
8820852465
4138945129
6950687330
8005850528
3098104198
1638357263
8322145164
8821429148
1331833889
3350550949
6674410573
3229146275
2379527494
7213842314
4804140638
8822225391
6604409603
8822348052
4919521918
9607615473
8822626440
6178944793
8464297029
2689183257
6099837665
5051233260
6206250796
2380911475
8867676077
2380973416
7176363452
4528800295
8823778520
1298472648
1059576850
2566707745
6442367474
8808513042
4127299868
1665663228
2382090155
4076168019
8408881861
5291499372
9232291628
4782188707
2616367196
4607909773
1457360558
8932059344
4648737261
2067489922
8825478450
2863727530
8393221042
7547671640
7738010607
2027869424
8358017701
1561391717
3277199439
3204784965
6678726720
1146313560
4902388676
5291231640
5727458566
4531651928
3142944870
4531894715
4703081550
7481949799
2384791083
3269971359
2926236853
4532553397
8827656873
9359034500
2350133535
2682356680
9593671800
9472423863
9125476886
1870827298
9515792231
6681006650
1389524421
2899867788
2195801007
6375976313
2386970889
4534642181
6516468070
8829797574
6682655147
4535352976
6682980218
9346200450
2455341953
2388276672
4661854770
3399942570
2563813274
2730677567
8831067792
1802594746
6026619949
1523912793
4697727361
6580720572
6684401495
7362934134
8831962736
6684652781
3609957906
6684931370
7788339235
3417209580
4132252305
8980514016
4538040283
6685657465
7330963525
4538281590
4590109524
6685889775
8833447867
7703342565
2796399351
4538759945
6686367689
8892037165
4539105255
2870420052
2587856368
5098081645
6650990265
2480238551
6687247721
6687391248
8834968625
1742226984
8150813117
2393056897
8207789081
6688556916
3730960959
1665261493
6979867056
8836426313
7896358547
6689263245
7570828044
4542049693
6894067275
6826739212
8837161821
9506288535
5773503834
2395109943
8837820593
3931205022
8837835310
9555908346
5122175128
8767286111
6732774393
6690852574
9886431036
6690916197
7762371663
8237282104
3074545807
8658468996
5826509601
4544148092
6568001335
8362434649
2397043728
2621453391
2093724893
2397507293
3905861699
4545003042
4846437919
3234500122
2397799842
6012699102
2398081652
5353205369
6693281254
2563093465
8546214797
1913079449
6693732465
4546399383
7692872063
8841705658
9863943686
6694483322
7337923746
9021740600
2399706349
4159022762
2399889535
3401682486
2400036562
1741156050
4547568303
9198426552
6151638480
6695334088
3330204976
1702606379
7102476304
2400755398
4785400903
2400960956
7345553346
8683627901
4548662577
8843819195
3911662394
9274843720
2401661005
7224550224
7793023910
4549582025
8844896566
8845015962
4658106672
4867988177
4550229218
2402984004
9321437417
4550525140
8845621664
9508162348
9747357657
8846066229
9571742516
2409296285
5358693255
1825349525
9503343621
7403913200
4552193869
8464779332
6879878701
6700145559
4552786775
3341983965
9824561625
9943318419
9133240062
4553319181
6701039162
2406208840
4924730711
2406385118
8771167686
8358686620
8561072357
4554114646
4554330549
6984417864
6353087146
3994383464
4554511360
5615289409
2407218919
4595998810
4554937018
3075214905
5502032079
8850235721
8535238708
5436060231
4555486360
2408146321
6666249260
9676683197
3389501732
5103167804
2542479944
2409123734
2566841187
4556852798
1013129442
8852099261
6704788434
4429351786
8852530893
8852551700
8852757878
4827296748
2638044164
5412234357
8544608372
4558465292
4977212098
1371052340
9821779808
8853858300
9330137736
6622211579
4559188256
7937949775
4510734376
2238504924
4314773580
7133383444
8596623282
4560253278
2056647381
4216043945
6707999696
2533106588
3899213889
6016982171
8008527071
8855916925
3109213477
6708575403
2792918835
2594816392
9898477538
5906151873
8287744417
6099435598
8316522804
6709632080
8391296381
6709853668
2414990334
8321475358
3664398367
6256445156
6894066962
2415573731
1554966295
6291782343
6075609744
1884378523
9439629420
3801501153
7770652441
6367890782
2416907187
7596259777
1154611948
3058483135
7536561335
6712357311
3957306027
2747542612
4565239198
3388430770
7990150977
6701519640
6646037311
8860887058
8861077433
2418783648
4566396249
4726639165
4566683814
6714231716
4507655650
6561576050
6714505847
2461497470
1823876911
3277600459
5881656688
4567428387
6714974630
4567648265
4591313760
9222118234
2492284896
8863111790
8520916244
1293149747
5906954889
6716122795
7377543913
5477286753
6716576671
6169842170
4276143810
3781423121
3334487953
9637731773
2562959255
5778723694
4105748931
8864930660
9762884316
5067428844
5467515460
6493986922
6718008241
8920547386
4570597979
8523459414
4570796195
6420013403
2423566412
2128124719
6431524753
1784657916
9910390301
4571718617
9011835114
2424406834
5921946372
4571984548
6719653428
8867153555
2424860788
3269301493
2425221348
7736136038
1344415381
9269234413
1066670404
8868072025
6860603561
2695339820
4309560992
2425793781
5684624983
8868414854
7157314042
2027601081
5881522741
6721352196
8868948279
8869267881
9504127436
9797552181
8242322624
4574469874
8869623776
6722302634
9635456195
4575084159
2606595251
9222251978
2427896776
7043848282
2427911639
6718050078
6723018093
9032448418
6756332035
2428361129
1493126017
2428514509
4576089023
9964212190
4233578450
5534040313
7907467822
2428973316
9025354194
8871794285
1120746957
7282625333
7129380327
6703192372
2872694986
3969857344
7409400797
1669008835
5193638308
4230446012
8621787382
8872886993
8048281156
4578053690
6725635216
8453320331
1878488767
8873527413
8450509413
4578605643
5813257634
9542562154
1356328207
9848416252
3913937444
4579223847
5984455612
7189747992
8874494303
6727093008
1355257370
5193116671
5510214427
5449579017
2432511080
2257376628
9520476386
8875311467
8875533355
1566477389
8875839386
5700821080
8875980418
2383597558
6728678962
6728826185
6217444764
8876407528
9454352981
5009470327
4581685121
2665892031
2434349777
1769933931
5561881650
2434651928
8877301771
2466317199
6503885174
4582499215
6130489187
5412501693
2163274000
1866843488
5317064498
5688238867
1604759309
2083016077
8878495010
3307557248
8610150107
4583906320
1063725473
4748858498
4490789915
5080278524
8023384403
6732079324
7456115384
1688818972
3612465285
9112224665
7627714926
1021294055
2258845008
6732674778
3215626250
5869609648
9134042698
6949876846
3593894822
6733200355
8446359861
4295364506
6733522046
7482885962
5440744624
6157527438
8881280396
8937946351
4586536007
4829132268
6734168835
4349574959
1247505597
3755053813
6734675634
2088102430
2439980027
8882644735
4339134410
8873029603
2440381842
6735573299
1357666599
4772684273
4588481994
5519182446
5070908748
3831349999
6490105577
2954329814
8883922724
8884066911
4836398284
9078895206
2441919813
8884480612
9725672892
5739906026
7775378648
9526365769
9977851939
9548183804
2442960626
8826716134
3696559998
7826754248
7747513273
3123401447
6738635070
9121854944
7519160048
2443892407
2303819522
8886571024
7595991665
4591781869
8886845297
6444186594
9146215479
2444660596
4592476319
6470689481
4136133219
1600436946
3013240400
8524797606
8666761753
5131276378
6741175533
5600297289
6741279557
8888828811
2147131503
6001187017
5581557861
5286545846
2511559334
3731724889
5485585254
6742138391
2447280974
6742366234
2325503655
2447662558
5022976494
8890215819
9144483081
4595337653
7609228262
9998732924
1227293664
4595946887
1115927963
6743596854
7170339059
2448742946
8891306598
2449029385
9682304416
4596669747
3544369046
4240538498
5845382082
7424124328
4694915543
4597454356
6745084903
7857540336
1370382490
8892777706
2998918053
2450594939
3240255010
6038665797
9967009721
1007908556
8893403122
6746146291
8318349218
6272506978
1358335704
9443242924
7656760819
6746498083
4857814616
8283594415
8647352980
5239348244
4790352701
5362708126
8894534922
8615897522
2349730976
5805761551
3105866569
7079452808
6747766403
8951734684
4217783433
7893412896
2983391064
2315866152
6748510721
7425174881
6748787801
4601378999
2454015695
3171834630
8972080320
2503528042
9896573117
2998767879
8897313208
7536828479
9267627733
4602582511
1474520049
7234454542
4603066137
8903146007
4809266428
2914189023
5489734565
2456070850
7253863219
6751244156
5817942112
8736365158
4604070535
5147204727
1112179955
6751870521
8899472588
9823251507
2457373507
3065023177
4605029794
8642668037
5119497138
2458043158
5004517406
2458266452
1833379896
8251871150
8617503660
4606166917
8992292062
7431753817
5927032272
7183443662
1297700179
8901674794
2459439214
8343962001
6238909753
6737324438
6754705216
4607247851
7675232407
2460102877
4096062064
8902669156
2460424502
4726504693
4608113947
1153406621
3669655283
8903307657
2580225708
4383707145
8568299599
4608982616
4609119903
2461796024
2042190522
8904485122
3678395374
8045603623
1036285221
1178169400
6723269831
6757607745
4492529612
4263293306
7321994292
2024521910
6462390324
6354424836
1006477145
8945577292
9565048979
5736960945
8906026716
3292859042
3762013806
4611519910
6759046647
2464281842
8756710698
6239980505
7767323203
8907121896
3292189764
2464795992
4612331786
9886162302
4612530600
5596147562
4612667064
4324151124
6760417461
4613098935
2465739048
8456130721
9438691705
6796888929
8908555587
4478876557
2466265487
5265530635
6658083360
1652410516
3072670813
7501357254
9908917282
5688907662
8909648382
4614970912
1275853452
4615031069
4615245134
7802168563
6762774457
2468002183
6763123886
7509120709
6890050580
2291508645
4616218097
3979926416
1297030765
9743073383
5973479108
8863926873
4616817040
9300421504
6370219396
9333483192
7294420474
3317621758
6764839368
6581787099
8861116911
6759142318
8182802827
2470363393
8747742454
9067784975
7579527348
4618416262
2021175465
7580111436
5465774651
1439718029
1583610003
8913984344
8917735745
9665170896
1769397963
8530552899
4619381771
1157263304
8914924412
6260861450
6065034508
6144543188
8915455654
2473011485
7271263853
1149098536
2490276311
2473653342
8251201658
5044673075
2473841882
4241207395
4203326993
8916746072
4621847475
8874770150
9979859259
5853011327
3917684682
7457319499
4622398869
2388146445
8917985400
4623247745
4623368744
2815672916
6770941433
8918729532
6771584784
4412357784
6771735424
2388015221
2477150285
8108380454
3097433461
6772587373
4625223213
6335685196
2478054726
4625659363
2463639491
2318542838
4625853619
9866084147
1238269151
8042524753
2479100125
1825749963
7708829218
3722660792
6774436999
7063925459
2479883200
4494537151
5026067413
3168910920
7797975302
9282083480
6494113229
4627916187
2480509323
4005492163
4628183248
5844578496
6775871495
2031749705
5312224680
4628603361
4628726847
6538418557
7840808243
4600682550
6970897588
5899725913
1362752391
8924802458
8477680804
1259685578
6777542331
9446588786
6777693171
3429656525
3986083445
9630770510
1487771082
1550414285
8788567431
1328486007
1324708575
7991660544
5547960206
4631192609
7013061258
9050651589
6638544754
6779021674
8538450039
7292664830
4632213547
2484897774
6361786427
2111124471
4045781847
1781310676
6304095777
6780526917
6323638313
5202351728
1547201772
9577764678
3450671399
2486029210
8183622382
8791913710
8928722777
7222397429
6781512348
3964800760
2486842791
8929510900
5910032518
2557068752
8929749139
4761172216
6782343707
8929932697
4880160209
7620193381
8224698554
2080472092
8605322596
7572566733
8441674258
9653525432
2488647852
4907607379
2115140006
4636360439
7267635135
5817138509
4717536113
3856112087
4636754858
4636906966
6200627347
3851028026
4637323557
1700329543
4897166824
6958311404
8905153285
6785206967
5461357217
4637870254
1307872539
4615941665
9003265435
8135016999
4469779220
6840121458
2491099673
4638763535
4036813605
7763842620
8933999210
5386667223
6786594610
6629036883
6786724178
7899167996
1433828189
1852754276
8118151501
8934858862
8935029719
6787764684
8368055040
4546338069
6092340216
8065681110
6137314822
3056741911
8393219399
1754004543
3102787336
4641419871
6789131410
5813029663
6789343667
1469968461
6789654548
9660084137
6789743959
8946112233
1699124787
6790325856
4642906396
2495539497
1527792940
4684742028
6420413878
4643354128
8189896653
5372478739
3763887266
6791340052
6836507616
1838599592
8939079985
3239585057
9179150277
2879386632
6791923631
4047789466
2497213938
2497241319
9331073427
4644934661
1550681775
8750419110
8940151988
6611641312
5509410329
4645557306
9838643991
8257090825
6204910506
9630770275
3199696833
3473158511
5782712672
9613904788
5797729672
6794162660
6794299277
2499421550
9267493218
6001855488
6160738998
6794749321
6794980320
7115860119
2708717777
6795259806
8788705625
6507816283
8802755586
8943253784
6452350787
6795893146
1386814773
1346288191
3499393663
4648806909
6796480327
9636258200
5807500905
8944228826
2501851296
8944478763
3375847331
8944604109
6797156420
9631439481
7565740017
3924376916
8945299756
9088933267
2503059892
9107404978
7883340747
2154974100
2503402066
8946102766
2770697894
6798639074
8946287820
6799022611
2731880517
9902224072
8946745260
5294843873
4651980394
8947105076
3855576443
4652257060
2059858476
3592287588
6020728681
6384087837
4072016735
6698642265
4653098521
4441664833
2505716125
6834367175
6800841122
4119936100
2833341063
6707206818
5956038748
4653910086
7459326820
2150289195
2326707448
8949253670
7462539286
5700686130
5799201939
6801986068
2507200200
8887484433
8950007706
4655232579
6802799851
8950526757
6803118204
4655812737
2781941476
3114566180
2341163545
1177365593
1130650895
5343164743
5104370989
5653703698
6803873110
7324135251
7980148796
8780535854
2509691921
5241570297
2817010935
9890846477
3106534972
5274899686
9340844497
8603180613
5315590997
3495377931
8190297988
8413832499
6805869024
8667831607
7432154593
6806232705
8571912884
7096049705
8897725390
6806786485
5342093870
2511843129
2512145484
1482550377
9189322869
7431217598
3732699269
6807780400
9346600143
6230476208
9073540015
8388400388
4984572483
4327488105
8445957174
8956303678
4417578454
6809100044
5338345949
1063435792
8552638001
1635544312
3492433096
8957828875
4334458246
3173595247
9414329716
7106490175
9807857533
2272496844
1750791731
3646096326
4517425470
2516411417
9855107632
8959061754
2974689670
8959281121
9433604531
5802012698
6812271835
7597195248
4664956857
8499364464
2517637644
4144114715
4032128355
3275591198
6812946805
5840294644
6812995246
2327376542
2444901663
2518477071
1307202853
5112669726
3374616829
7317308605
6882420207
6994722873
6699175446
2519074538
4666922767
2291370065
6509113302
3894125885
3525896281
3357776912
8962251580
2711133067
9900216040
2520140145
7500285632
4667799794
4328826532
2520394993
6328590351
6522087902
1274944248
8963325785
8963396791
2521117541
6816222136
4668839269
1338122852
2521681790
6816703718
3589342569
1623363588
5953668074
5836278992
8362566628
6817381449
4670097888
7658633697
8965202475
4385714023
2522846452
7804265752
3460040552
6689002554
9411384839
2523405055
9268825359
6661161127
8001698921
1571562451
1098525948
6736788066
2524058424
5135156949
8966740489
5225106160
7986145813
2571256612
3183098674
7036752629
5634562482
6122322815
1614395392
2279590917
2525198673
4742073906
2739509822
6820423229
1748917650
2525489938
9422093043
2762800236
5181603915
4673450750
6267285594
2526026453
5581288969
8968619138
4673876935
4674000249
2553989545
1174530644
8969379210
1905391785
8785755862
7071688224
8251838083
2991421139
4674819230
2527461439
4971588533
4182261828
8571511080
7736669919
2527959797
3468339366
8970606015
1255000040
2108943446
3972028201
3689732223
6370753927
4676320391
2529048033
2529172619
4287653561
4676784120
3847812601
6824403569
3485320824
4677201996
2529814116
5974281321
6825089364
3787980297
2045401973
4819661098
9816264852
2585846499
6825794890
8973405563
9160945757
6400832214
6463593983
5685158814
2936541343
4031860441
2531822937
5902937640
4679400584
1770066326
6320960556
4679691400
9653524782
7278491028
3151910805
2852749346
6827964625
4575249714
9597306507
8975922906
3805266566
2165291334
9656871081
6828807881
1958665175
6828974870
5246924055
5943628919
2756776723
8512214098
2534595407
9746151019
8818549724
8757116138
4682650787
8493073111
3295519890
4683067731
8634100280
2535673888
4683333660
2968532145
6450877876
7636280045
6831158905
7287860683
7230291970
9047036773
6831475599
2536702931
2481574920
4573509570
8807979148
8979482405
6219098349
2537524569
3095424766
6204374513
1095559898
3718778183
9625281712
9018659158
5538455828
7682701619
4685691914
6833337006
6466806346
3990232055
3763752778
1795899855
6833913308
6834036343
6383737508
8981715168
6834326213
6621011366
7640271509
8835415129
9556213532
2540197567
8982721298
6347731035
2296865002
6283213884
7768773535
9694885230
4592650486
6657617761
8983869745
9519126638
6836520274
6836665288
6836857476
5850298573
8984485941
8984661088
1051141711
4689816693
1123288475
4724763376
4690145049
4690357313
8985451228
7741756104
6900086589
6838284109
3327842831
4976808561
4203325956
4434703906
8986282341
5363777577
1987041857
4691815869
2544401135
8986939311
6978392420
7207548757
6496120059
7164983499
4334715697
8095504542
3473397789
8538047567
4693213489
2279322901
2545983333
4693585620
6706269248
2511423996
6841433798
8989069743
8038374294
6841872511
8989738803
4695045981
2547687045
6842691739
5990477264
5956210897
2862252683
6775203514
8024721268
8990743546
8990863398
2066015063
8618840845
8991174359
6951621759
4696472951
2425627869
6979195473
6015240048
1391395930
8284931480
2549672456
3572878235
2549793629
4697366479
1283911962
4697458398
1564467848
8794857516
7071018615
2550341834
9073670903
2550536856
3778074869
5785012863
4698535683
3954493116
6708548791
2551548862
3347469753
2551812636
9417006238
8801416290
1818119254
1146712604
6766636863
2552319758
4715661224
8669303368
8994992499
1844220580
5082005477
3616380409
7709471645
6848332603
8352482243
2553488309
2553710504
2553798447
8996439887
7948960384
2554064761
1558444403
1964688257
1165987405
7806674640
2554513500
8996997355
6354021910
6849721284
5430971620
8997297834
2554979956
9593290591
1054889401
8285466809
7534129485
1782349650
9738922644
6850749998
2555938532
9335891258
3416671688
8998606691
4703831288
1310950171
6421483795
6700449877
6851760890
9361724875
6003327013
7032597310
8999807490
2517045654
2970941176
8092852304
8938615524
9000326469
9306042005
2953941836
2558309290
2558433697
9001109114
7559715790
4706384928
6772392441
7825949403
2559199004
7047594204
1188876192
7038486699
9001951191
2482511549
7613234309
6375467850
4707348581
3269701037
2945776776
4707599059
7411808202
8620580763
9691137052
5929306257
4708025329
6694088413
7361211762
5482371084
9003196666
6380390861
4708429233
9003429393
2585845309
6628901989
8437389871
1937917547
2083148051
6856634112
1320989065
3182682647
2376767638
5716881514
6857405066
3317754225
4710070146
4628924327
4710384992
2560815504
4406728340
4327621216
4079645490
6858419595
1575979006
2842032329
2866134186
9006253866
2208112835
6858937639
6272639144
6859131454
6824327325
4383437898
5349990411
1357664743
6859930875
3505683799
1361680328
3423880371
3065307424
4443676763
1625638437
4713142544
4713254942
8210241263
5596279909
5631215538
2566193731
4817118507
9335891103
1397017498
1348964269
4714443206
8828186666
7575087455
6862360322
4497480609
4715206852
9769708652
5920873404
2567948131
4864103969
7445137483
2219757981
6863311958
9011024628
7541110077
2568654396
4230765446
9011176499
7297631464
9909451171
4441530032
6864062536
6184028384
9011686409
3844197973
7023634367
8685900890
4717010677
5072646919
8840233395
7883104472
1131988510
8114422179
6864908310
2917667496
3084983745
2570310382
5910031274
1594986028
9012952736
1216048183
1569955514
6676151959
6865819219
6974242586
6029671358
5494199534
4718604956
2626403350
4718862971
2571508462
9062695597
9181290810
9014170352
4996886089
3882747599
4719529068
6867142734
2572244158
4719829350
9014978809
4250977190
4558919059
4385177862
6079489137
6187910065
4720502406
6338896247
6008680895
4720789796
1898966147
7040499782
2573660553
6868642845
8524746208
4314503462
6435219181
7658766783
6869040335
2561216893
2221096419
2574574939
5571918535
5195390045
8651902145
7232444964
9950276247
4722441885
9665993823
9017703439
1054005021
4722881658
9017895334
6870595924
6910662341
4933038149
3074543126
9018657635
4388524137
6871330954
4686213202
9019107765
8389871826
2783145130
2975491889
2272237332
6070788629
7857672293
3627222141
2577321907
6872440210
2577619210
7628248242
7516614841
4725384941
9839981325
7598666724
4502305828
6873164096
2578312555
8115740858
4725852670
2230733773
1082462769
9021135158
9021333482
9021384503
6297267875
4726640089
2114067829
4726935749
8127252199
7969974923
9022148825
3838806075
3381467992
7157211070
4727786511
2580372928
7698922584
2580587236
3213884027
2749280263
8628745490
2580850999
3285495378
3807655930
2581139655
6817500571
6876207933
8146087500
9024015926
6013901033
7694371563
6876992937
5898385889
2504864662
6779623071
1960270687
6877375227
7555030578
9800762325
8872357919
7760896489
6877959853
4730524730
5090984577
9025873954
3818230280
3932540741
9026069730
9160811117
7514740809
8327798381
6356795958
5672575849
9026680667
4482087265
9026773396
1469164000
2584460170
4136218622
4732079428
4933707281
7270918786
9027461994
8262845207
4755950488
1229299412
5620507015
4732926315
6880617209
9028254028
2010418532
2585880861
2656384101
3202238734
1161012785
9028833454
4734016065
2586690950
6881863401
2437670385
8645343161
8697679687
9029896309
9482044752
7371785746
6882663395
5605381586
